1.000000E+13 , 1.000000E-11 , 1.000000E+07 , 9.100000E-01 , 1.146734E+09
1.000000E+13 , 1.000000E-10 , 1.000000E+07 , 9.100000E-01 , 1.147646E+09
1.000000E+13 , 1.000000E-09 , 1.000000E+07 , 9.100000E-01 , 1.150768E+09
1.000000E+13 , 1.000000E-08 , 1.000000E+07 , 9.100000E-01 , 1.160074E+09
1.000000E+13 , 1.000000E-07 , 1.000000E+07 , 9.100000E-01 , 1.186454E+09
1.000000E+14 , 1.000000E-11 , 1.000000E+07 , 9.100000E-01 , 1.158951E+08
1.000000E+14 , 1.000000E-10 , 1.000000E+07 , 9.100000E-01 , 1.170534E+08
1.000000E+14 , 1.000000E-09 , 1.000000E+07 , 9.100000E-01 , 1.209570E+08
1.000000E+14 , 1.000000E-08 , 1.000000E+07 , 9.100000E-01 , 1.326980E+08
1.000000E+14 , 1.000000E-07 , 1.000000E+07 , 9.100000E-01 , 1.657143E+08
1.000000E+15 , 1.000000E-11 , 1.000000E+07 , 9.100000E-01 , 1.280384E+07
1.000000E+15 , 1.000000E-10 , 1.000000E+07 , 9.100000E-01 , 1.398636E+07
1.000000E+15 , 1.000000E-09 , 1.000000E+07 , 9.100000E-01 , 1.796675E+07
1.000000E+15 , 1.000000E-08 , 1.000000E+07 , 9.100000E-01 , 2.994802E+07
1.000000E+15 , 1.000000E-07 , 1.000000E+07 , 9.100000E-01 , 6.362508E+07
1.000000E+16 , 1.000000E-11 , 1.000000E+07 , 9.100000E-01 , 2.494706E+06
1.000000E+16 , 1.000000E-10 , 1.000000E+07 , 9.100000E-01 , 3.679633E+06
1.000000E+16 , 1.000000E-09 , 1.000000E+07 , 9.100000E-01 , 7.667699E+06
1.000000E+16 , 1.000000E-08 , 1.000000E+07 , 9.100000E-01 , 1.967296E+07
1.000000E+16 , 1.000000E-07 , 1.000000E+07 , 9.100000E-01 , 5.341607E+07
1.000000E+17 , 1.000000E-11 , 1.000000E+07 , 9.100000E-01 , 1.463793E+06
1.000000E+17 , 1.000000E-10 , 1.000000E+07 , 9.100000E-01 , 2.648961E+06
1.000000E+17 , 1.000000E-09 , 1.000000E+07 , 9.100000E-01 , 6.637794E+06
1.000000E+17 , 1.000000E-08 , 1.000000E+07 , 9.100000E-01 , 1.864546E+07
1.000000E+17 , 1.000000E-07 , 1.000000E+07 , 9.100000E-01 , 5.239517E+07
1.000000E+18 , 1.000000E-11 , 1.000000E+07 , 9.100000E-01 , 1.360701E+06
1.000000E+18 , 1.000000E-10 , 1.000000E+07 , 9.100000E-01 , 2.545894E+06
1.000000E+18 , 1.000000E-09 , 1.000000E+07 , 9.100000E-01 , 6.534804E+06
1.000000E+18 , 1.000000E-08 , 1.000000E+07 , 9.100000E-01 , 1.854270E+07
1.000000E+18 , 1.000000E-07 , 1.000000E+07 , 9.100000E-01 , 5.229308E+07
1.000000E+19 , 1.000000E-11 , 1.000000E+07 , 9.100000E-01 , 1.350392E+06
1.000000E+19 , 1.000000E-10 , 1.000000E+07 , 9.100000E-01 , 2.535587E+06
1.000000E+19 , 1.000000E-09 , 1.000000E+07 , 9.100000E-01 , 6.524505E+06
1.000000E+19 , 1.000000E-08 , 1.000000E+07 , 9.100000E-01 , 1.853243E+07
1.000000E+19 , 1.000000E-07 , 1.000000E+07 , 9.100000E-01 , 5.228287E+07
1.000000E+13 , 1.000000E-11 , 1.000000E+08 , 9.100000E-01 , 3.598142E+09
1.000000E+13 , 1.000000E-10 , 1.000000E+08 , 9.100000E-01 , 3.592854E+09
1.000000E+13 , 1.000000E-09 , 1.000000E+08 , 9.100000E-01 , 3.577040E+09
1.000000E+13 , 1.000000E-08 , 1.000000E+08 , 9.100000E-01 , 3.529358E+09
1.000000E+13 , 1.000000E-07 , 1.000000E+08 , 9.100000E-01 , 3.426389E+09
1.000000E+14 , 1.000000E-11 , 1.000000E+08 , 9.100000E-01 , 3.678996E+08
1.000000E+14 , 1.000000E-10 , 1.000000E+08 , 9.100000E-01 , 3.707116E+08
1.000000E+14 , 1.000000E-09 , 1.000000E+08 , 9.100000E-01 , 3.802365E+08
1.000000E+14 , 1.000000E-08 , 1.000000E+08 , 9.100000E-01 , 4.085905E+08
1.000000E+14 , 1.000000E-07 , 1.000000E+08 , 9.100000E-01 , 4.896973E+08
1.000000E+15 , 1.000000E-11 , 1.000000E+08 , 9.100000E-01 , 4.035059E+07
1.000000E+15 , 1.000000E-10 , 1.000000E+08 , 9.100000E-01 , 4.388619E+07
1.000000E+15 , 1.000000E-09 , 1.000000E+08 , 9.100000E-01 , 5.569826E+07
1.000000E+15 , 1.000000E-08 , 1.000000E+08 , 9.100000E-01 , 9.111232E+07
1.000000E+15 , 1.000000E-07 , 1.000000E+08 , 9.100000E-01 , 1.908134E+08
1.000000E+16 , 1.000000E-11 , 1.000000E+08 , 9.100000E-01 , 7.590449E+06
1.000000E+16 , 1.000000E-10 , 1.000000E+08 , 9.100000E-01 , 1.119719E+07
1.000000E+16 , 1.000000E-09 , 1.000000E+08 , 9.100000E-01 , 2.323443E+07
1.000000E+16 , 1.000000E-08 , 1.000000E+08 , 9.100000E-01 , 5.934580E+07
1.000000E+16 , 1.000000E-07 , 1.000000E+08 , 9.100000E-01 , 1.609006E+08
1.000000E+17 , 1.000000E-11 , 1.000000E+08 , 9.100000E-01 , 4.314425E+06
1.000000E+17 , 1.000000E-10 , 1.000000E+08 , 9.100000E-01 , 7.928267E+06
1.000000E+17 , 1.000000E-09 , 1.000000E+08 , 9.100000E-01 , 1.998799E+07
1.000000E+17 , 1.000000E-08 , 1.000000E+08 , 9.100000E-01 , 5.616900E+07
1.000000E+17 , 1.000000E-07 , 1.000000E+08 , 9.100000E-01 , 1.579092E+08
1.000000E+18 , 1.000000E-11 , 1.000000E+08 , 9.100000E-01 , 3.986822E+06
1.000000E+18 , 1.000000E-10 , 1.000000E+08 , 9.100000E-01 , 7.601374E+06
1.000000E+18 , 1.000000E-09 , 1.000000E+08 , 9.100000E-01 , 1.966334E+07
1.000000E+18 , 1.000000E-08 , 1.000000E+08 , 9.100000E-01 , 5.585132E+07
1.000000E+18 , 1.000000E-07 , 1.000000E+08 , 9.100000E-01 , 1.576100E+08
1.000000E+19 , 1.000000E-11 , 1.000000E+08 , 9.100000E-01 , 3.954062E+06
1.000000E+19 , 1.000000E-10 , 1.000000E+08 , 9.100000E-01 , 7.568685E+06
1.000000E+19 , 1.000000E-09 , 1.000000E+08 , 9.100000E-01 , 1.963088E+07
1.000000E+19 , 1.000000E-08 , 1.000000E+08 , 9.100000E-01 , 5.581955E+07
1.000000E+19 , 1.000000E-07 , 1.000000E+08 , 9.100000E-01 , 1.575801E+08
1.000000E+13 , 1.000000E-11 , 1.000000E+09 , 9.100000E-01 , 7.008101E+09
1.000000E+13 , 1.000000E-10 , 1.000000E+09 , 9.100000E-01 , 6.928648E+09
1.000000E+13 , 1.000000E-09 , 1.000000E+09 , 9.100000E-01 , 6.692818E+09
1.000000E+13 , 1.000000E-08 , 1.000000E+09 , 9.100000E-01 , 6.078182E+09
1.000000E+13 , 1.000000E-07 , 1.000000E+09 , 9.100000E-01 , 5.224511E+09
1.000000E+14 , 1.000000E-11 , 1.000000E+09 , 9.100000E-01 , 6.879313E+09
1.000000E+14 , 1.000000E-10 , 1.000000E+09 , 9.100000E-01 , 6.834619E+09
1.000000E+14 , 1.000000E-09 , 1.000000E+09 , 9.100000E-01 , 6.705861E+09
1.000000E+14 , 1.000000E-08 , 1.000000E+09 , 9.100000E-01 , 6.356630E+09
1.000000E+14 , 1.000000E-07 , 1.000000E+09 , 9.100000E-01 , 6.242359E+09
1.000000E+15 , 1.000000E-11 , 1.000000E+09 , 9.100000E-01 , 8.487685E+08
1.000000E+15 , 1.000000E-10 , 1.000000E+09 , 9.100000E-01 , 8.999736E+08
1.000000E+15 , 1.000000E-09 , 1.000000E+09 , 9.100000E-01 , 1.065801E+09
1.000000E+15 , 1.000000E-08 , 1.000000E+09 , 9.100000E-01 , 1.554512E+09
1.000000E+15 , 1.000000E-07 , 1.000000E+09 , 9.100000E-01 , 3.090762E+09
1.000000E+16 , 1.000000E-11 , 1.000000E+09 , 9.100000E-01 , 1.348935E+08
1.000000E+16 , 1.000000E-10 , 1.000000E+09 , 9.100000E-01 , 1.956481E+08
1.000000E+16 , 1.000000E-09 , 1.000000E+09 , 9.100000E-01 , 3.909789E+08
1.000000E+16 , 1.000000E-08 , 1.000000E+09 , 9.100000E-01 , 9.658717E+08
1.000000E+16 , 1.000000E-07 , 1.000000E+09 , 9.100000E-01 , 2.678272E+09
1.000000E+17 , 1.000000E-11 , 1.000000E+09 , 9.100000E-01 , 6.336494E+07
1.000000E+17 , 1.000000E-10 , 1.000000E+09 , 9.100000E-01 , 1.250572E+08
1.000000E+17 , 1.000000E-09 , 1.000000E+09 , 9.100000E-01 , 3.232870E+08
1.000000E+17 , 1.000000E-08 , 1.000000E+09 , 9.100000E-01 , 9.066753E+08
1.000000E+17 , 1.000000E-07 , 1.000000E+09 , 9.100000E-01 , 2.636528E+09
1.000000E+18 , 1.000000E-11 , 1.000000E+09 , 9.100000E-01 , 5.621183E+07
1.000000E+18 , 1.000000E-10 , 1.000000E+09 , 9.100000E-01 , 1.179977E+08
1.000000E+18 , 1.000000E-09 , 1.000000E+09 , 9.100000E-01 , 3.165168E+08
1.000000E+18 , 1.000000E-08 , 1.000000E+09 , 9.100000E-01 , 9.007533E+08
1.000000E+18 , 1.000000E-07 , 1.000000E+09 , 9.100000E-01 , 2.632350E+09
1.000000E+19 , 1.000000E-11 , 1.000000E+09 , 9.100000E-01 , 5.549652E+07
1.000000E+19 , 1.000000E-10 , 1.000000E+09 , 9.100000E-01 , 1.172917E+08
1.000000E+19 , 1.000000E-09 , 1.000000E+09 , 9.100000E-01 , 3.158397E+08
1.000000E+19 , 1.000000E-08 , 1.000000E+09 , 9.100000E-01 , 9.001611E+08
1.000000E+19 , 1.000000E-07 , 1.000000E+09 , 9.100000E-01 , 2.631932E+09
1.000000E+13 , 1.000000E-11 , 1.000000E+10 , 9.100000E-01 , 4.437949E+09
1.000000E+13 , 1.000000E-10 , 1.000000E+10 , 9.100000E-01 , 4.379931E+09
1.000000E+13 , 1.000000E-09 , 1.000000E+10 , 9.100000E-01 , 4.210343E+09
1.000000E+13 , 1.000000E-08 , 1.000000E+10 , 9.100000E-01 , 3.788918E+09
1.000000E+13 , 1.000000E-07 , 1.000000E+10 , 9.100000E-01 , 3.308381E+09
1.000000E+14 , 1.000000E-11 , 1.000000E+10 , 9.100000E-01 , 3.015241E+09
1.000000E+14 , 1.000000E-10 , 1.000000E+10 , 9.100000E-01 , 2.926715E+09
1.000000E+14 , 1.000000E-09 , 1.000000E+10 , 9.100000E-01 , 2.673960E+09
1.000000E+14 , 1.000000E-08 , 1.000000E+10 , 9.100000E-01 , 2.095845E+09
1.000000E+14 , 1.000000E-07 , 1.000000E+10 , 9.100000E-01 , 1.973449E+09
1.000000E+15 , 1.000000E-11 , 1.000000E+10 , 9.100000E-01 , 3.644119E+08
1.000000E+15 , 1.000000E-10 , 1.000000E+10 , 9.100000E-01 , 3.723792E+08
1.000000E+15 , 1.000000E-09 , 1.000000E+10 , 9.100000E-01 , 3.983740E+08
1.000000E+15 , 1.000000E-08 , 1.000000E+10 , 9.100000E-01 , 4.803337E+08
1.000000E+15 , 1.000000E-07 , 1.000000E+10 , 9.100000E-01 , 1.070467E+09
1.000000E+16 , 1.000000E-11 , 1.000000E+10 , 9.100000E-01 , 4.892465E+07
1.000000E+16 , 1.000000E-10 , 1.000000E+10 , 9.100000E-01 , 6.670727E+07
1.000000E+16 , 1.000000E-09 , 1.000000E+10 , 9.100000E-01 , 1.219422E+08
1.000000E+16 , 1.000000E-08 , 1.000000E+10 , 9.100000E-01 , 2.807216E+08
1.000000E+16 , 1.000000E-07 , 1.000000E+10 , 9.100000E-01 , 9.563141E+08
1.000000E+17 , 1.000000E-11 , 1.000000E+10 , 9.100000E-01 , 1.730208E+07
1.000000E+17 , 1.000000E-10 , 1.000000E+10 , 9.100000E-01 , 3.603818E+07
1.000000E+17 , 1.000000E-09 , 1.000000E+10 , 9.100000E-01 , 9.412772E+07
1.000000E+17 , 1.000000E-08 , 1.000000E+10 , 9.100000E-01 , 2.605299E+08
1.000000E+17 , 1.000000E-07 , 1.000000E+10 , 9.100000E-01 , 9.447756E+08
1.000000E+18 , 1.000000E-11 , 1.000000E+10 , 9.100000E-01 , 1.413960E+07
1.000000E+18 , 1.000000E-10 , 1.000000E+10 , 9.100000E-01 , 3.297074E+07
1.000000E+18 , 1.000000E-09 , 1.000000E+10 , 9.100000E-01 , 9.134496E+07
1.000000E+18 , 1.000000E-08 , 1.000000E+10 , 9.100000E-01 , 2.585086E+08
1.000000E+18 , 1.000000E-07 , 1.000000E+10 , 9.100000E-01 , 9.436207E+08
1.000000E+19 , 1.000000E-11 , 1.000000E+10 , 9.100000E-01 , 1.382336E+07
1.000000E+19 , 1.000000E-10 , 1.000000E+10 , 9.100000E-01 , 3.266400E+07
1.000000E+19 , 1.000000E-09 , 1.000000E+10 , 9.100000E-01 , 9.106668E+07
1.000000E+19 , 1.000000E-08 , 1.000000E+10 , 9.100000E-01 , 2.583064E+08
1.000000E+19 , 1.000000E-07 , 1.000000E+10 , 9.100000E-01 , 9.435052E+08
1.000000E+13 , 1.000000E-11 , 1.000000E+07 , 9.200000E-01 , 1.153192E+09
1.000000E+13 , 1.000000E-10 , 1.000000E+07 , 9.200000E-01 , 1.154148E+09
1.000000E+13 , 1.000000E-09 , 1.000000E+07 , 9.200000E-01 , 1.157465E+09
1.000000E+13 , 1.000000E-08 , 1.000000E+07 , 9.200000E-01 , 1.167396E+09
1.000000E+13 , 1.000000E-07 , 1.000000E+07 , 9.200000E-01 , 1.195431E+09
1.000000E+14 , 1.000000E-11 , 1.000000E+07 , 9.200000E-01 , 1.166719E+08
1.000000E+14 , 1.000000E-10 , 1.000000E+07 , 9.200000E-01 , 1.178926E+08
1.000000E+14 , 1.000000E-09 , 1.000000E+07 , 9.200000E-01 , 1.220516E+08
1.000000E+14 , 1.000000E-08 , 1.000000E+07 , 9.200000E-01 , 1.346101E+08
1.000000E+14 , 1.000000E-07 , 1.000000E+07 , 9.200000E-01 , 1.699415E+08
1.000000E+15 , 1.000000E-11 , 1.000000E+07 , 9.200000E-01 , 1.301225E+07
1.000000E+15 , 1.000000E-10 , 1.000000E+07 , 9.200000E-01 , 1.425901E+07
1.000000E+15 , 1.000000E-09 , 1.000000E+07 , 9.200000E-01 , 1.850076E+07
1.000000E+15 , 1.000000E-08 , 1.000000E+07 , 9.200000E-01 , 3.131852E+07
1.000000E+15 , 1.000000E-07 , 1.000000E+07 , 9.200000E-01 , 6.737585E+07
1.000000E+16 , 1.000000E-11 , 1.000000E+07 , 9.200000E-01 , 2.646274E+06
1.000000E+16 , 1.000000E-10 , 1.000000E+07 , 9.200000E-01 , 3.895633E+06
1.000000E+16 , 1.000000E-09 , 1.000000E+07 , 9.200000E-01 , 8.145652E+06
1.000000E+16 , 1.000000E-08 , 1.000000E+07 , 9.200000E-01 , 2.098929E+07
1.000000E+16 , 1.000000E-07 , 1.000000E+07 , 9.200000E-01 , 5.711918E+07
1.000000E+17 , 1.000000E-11 , 1.000000E+07 , 9.200000E-01 , 1.609676E+06
1.000000E+17 , 1.000000E-10 , 1.000000E+07 , 9.200000E-01 , 2.859295E+06
1.000000E+17 , 1.000000E-09 , 1.000000E+07 , 9.200000E-01 , 7.110140E+06
1.000000E+17 , 1.000000E-08 , 1.000000E+07 , 9.200000E-01 , 1.995637E+07
1.000000E+17 , 1.000000E-07 , 1.000000E+07 , 9.200000E-01 , 5.609351E+07
1.000000E+18 , 1.000000E-11 , 1.000000E+07 , 9.200000E-01 , 1.506017E+06
1.000000E+18 , 1.000000E-10 , 1.000000E+07 , 9.200000E-01 , 2.755661E+06
1.000000E+18 , 1.000000E-09 , 1.000000E+07 , 9.200000E-01 , 7.006589E+06
1.000000E+18 , 1.000000E-08 , 1.000000E+07 , 9.200000E-01 , 1.985308E+07
1.000000E+18 , 1.000000E-07 , 1.000000E+07 , 9.200000E-01 , 5.599094E+07
1.000000E+19 , 1.000000E-11 , 1.000000E+07 , 9.200000E-01 , 1.495651E+06
1.000000E+19 , 1.000000E-10 , 1.000000E+07 , 9.200000E-01 , 2.745298E+06
1.000000E+19 , 1.000000E-09 , 1.000000E+07 , 9.200000E-01 , 6.996234E+06
1.000000E+19 , 1.000000E-08 , 1.000000E+07 , 9.200000E-01 , 1.984275E+07
1.000000E+19 , 1.000000E-07 , 1.000000E+07 , 9.200000E-01 , 5.598069E+07
1.000000E+13 , 1.000000E-11 , 1.000000E+08 , 9.200000E-01 , 3.782943E+09
1.000000E+13 , 1.000000E-10 , 1.000000E+08 , 9.200000E-01 , 3.776966E+09
1.000000E+13 , 1.000000E-09 , 1.000000E+08 , 9.200000E-01 , 3.759156E+09
1.000000E+13 , 1.000000E-08 , 1.000000E+08 , 9.200000E-01 , 3.705411E+09
1.000000E+13 , 1.000000E-07 , 1.000000E+08 , 9.200000E-01 , 3.584113E+09
1.000000E+14 , 1.000000E-11 , 1.000000E+08 , 9.200000E-01 , 3.877355E+08
1.000000E+14 , 1.000000E-10 , 1.000000E+08 , 9.200000E-01 , 3.908094E+08
1.000000E+14 , 1.000000E-09 , 1.000000E+08 , 9.200000E-01 , 4.013381E+08
1.000000E+14 , 1.000000E-08 , 1.000000E+08 , 9.200000E-01 , 4.328085E+08
1.000000E+14 , 1.000000E-07 , 1.000000E+08 , 9.200000E-01 , 5.223773E+08
1.000000E+15 , 1.000000E-11 , 1.000000E+08 , 9.200000E-01 , 4.285111E+07
1.000000E+15 , 1.000000E-10 , 1.000000E+08 , 9.200000E-01 , 4.673461E+07
1.000000E+15 , 1.000000E-09 , 1.000000E+08 , 9.200000E-01 , 5.982387E+07
1.000000E+15 , 1.000000E-08 , 1.000000E+08 , 9.200000E-01 , 9.920349E+07
1.000000E+15 , 1.000000E-07 , 1.000000E+08 , 9.200000E-01 , 2.099785E+08
1.000000E+16 , 1.000000E-11 , 1.000000E+08 , 9.200000E-01 , 8.356482E+06
1.000000E+16 , 1.000000E-10 , 1.000000E+08 , 9.200000E-01 , 1.231959E+07
1.000000E+16 , 1.000000E-09 , 1.000000E+08 , 9.200000E-01 , 2.566093E+07
1.000000E+16 , 1.000000E-08 , 1.000000E+08 , 9.200000E-01 , 6.582160E+07
1.000000E+16 , 1.000000E-07 , 1.000000E+08 , 9.200000E-01 , 1.787096E+08
1.000000E+17 , 1.000000E-11 , 1.000000E+08 , 9.200000E-01 , 4.907008E+06
1.000000E+17 , 1.000000E-10 , 1.000000E+08 , 9.200000E-01 , 8.878063E+06
1.000000E+17 , 1.000000E-09 , 1.000000E+08 , 9.200000E-01 , 2.224457E+07
1.000000E+17 , 1.000000E-08 , 1.000000E+08 , 9.200000E-01 , 6.248324E+07
1.000000E+17 , 1.000000E-07 , 1.000000E+08 , 9.200000E-01 , 1.755824E+08
1.000000E+18 , 1.000000E-11 , 1.000000E+08 , 9.200000E-01 , 4.562060E+06
1.000000E+18 , 1.000000E-10 , 1.000000E+08 , 9.200000E-01 , 8.533910E+06
1.000000E+18 , 1.000000E-09 , 1.000000E+08 , 9.200000E-01 , 2.190293E+07
1.000000E+18 , 1.000000E-08 , 1.000000E+08 , 9.200000E-01 , 6.214941E+07
1.000000E+18 , 1.000000E-07 , 1.000000E+08 , 9.200000E-01 , 1.752697E+08
1.000000E+19 , 1.000000E-11 , 1.000000E+08 , 9.200000E-01 , 4.527566E+06
1.000000E+19 , 1.000000E-10 , 1.000000E+08 , 9.200000E-01 , 8.499495E+06
1.000000E+19 , 1.000000E-09 , 1.000000E+08 , 9.200000E-01 , 2.186877E+07
1.000000E+19 , 1.000000E-08 , 1.000000E+08 , 9.200000E-01 , 6.211602E+07
1.000000E+19 , 1.000000E-07 , 1.000000E+08 , 9.200000E-01 , 1.752384E+08
1.000000E+13 , 1.000000E-11 , 1.000000E+09 , 9.200000E-01 , 7.851271E+09
1.000000E+13 , 1.000000E-10 , 1.000000E+09 , 9.200000E-01 , 7.757884E+09
1.000000E+13 , 1.000000E-09 , 1.000000E+09 , 9.200000E-01 , 7.480453E+09
1.000000E+13 , 1.000000E-08 , 1.000000E+09 , 9.200000E-01 , 6.753887E+09
1.000000E+13 , 1.000000E-07 , 1.000000E+09 , 9.200000E-01 , 5.697424E+09
1.000000E+14 , 1.000000E-11 , 1.000000E+09 , 9.200000E-01 , 1.150557E+10
1.000000E+14 , 1.000000E-10 , 1.000000E+09 , 9.200000E-01 , 1.142772E+10
1.000000E+14 , 1.000000E-09 , 1.000000E+09 , 9.200000E-01 , 1.120424E+10
1.000000E+14 , 1.000000E-08 , 1.000000E+09 , 9.200000E-01 , 1.060014E+10
1.000000E+14 , 1.000000E-07 , 1.000000E+09 , 9.200000E-01 , 1.032836E+10
1.000000E+15 , 1.000000E-11 , 1.000000E+09 , 9.200000E-01 , 1.539552E+09
1.000000E+15 , 1.000000E-10 , 1.000000E+09 , 9.200000E-01 , 1.634016E+09
1.000000E+15 , 1.000000E-09 , 1.000000E+09 , 9.200000E-01 , 1.940972E+09
1.000000E+15 , 1.000000E-08 , 1.000000E+09 , 9.200000E-01 , 2.847600E+09
1.000000E+15 , 1.000000E-07 , 1.000000E+09 , 9.200000E-01 , 5.663892E+09
1.000000E+16 , 1.000000E-11 , 1.000000E+09 , 9.200000E-01 , 2.479944E+08
1.000000E+16 , 1.000000E-10 , 1.000000E+09 , 9.200000E-01 , 3.604058E+08
1.000000E+16 , 1.000000E-09 , 1.000000E+09 , 9.200000E-01 , 7.227782E+08
1.000000E+16 , 1.000000E-08 , 1.000000E+09 , 9.200000E-01 , 1.791071E+09
1.000000E+16 , 1.000000E-07 , 1.000000E+09 , 9.200000E-01 , 4.943311E+09
1.000000E+17 , 1.000000E-11 , 1.000000E+09 , 9.200000E-01 , 1.184359E+08
1.000000E+17 , 1.000000E-10 , 1.000000E+09 , 9.200000E-01 , 2.326022E+08
1.000000E+17 , 1.000000E-09 , 1.000000E+09 , 9.200000E-01 , 6.003960E+08
1.000000E+17 , 1.000000E-08 , 1.000000E+09 , 9.200000E-01 , 1.684552E+09
1.000000E+17 , 1.000000E-07 , 1.000000E+09 , 9.200000E-01 , 4.869853E+09
1.000000E+18 , 1.000000E-11 , 1.000000E+09 , 9.200000E-01 , 1.054793E+08
1.000000E+18 , 1.000000E-10 , 1.000000E+09 , 9.200000E-01 , 2.198207E+08
1.000000E+18 , 1.000000E-09 , 1.000000E+09 , 9.200000E-01 , 5.881553E+08
1.000000E+18 , 1.000000E-08 , 1.000000E+09 , 9.200000E-01 , 1.673894E+09
1.000000E+18 , 1.000000E-07 , 1.000000E+09 , 9.200000E-01 , 4.862495E+09
1.000000E+19 , 1.000000E-11 , 1.000000E+09 , 9.200000E-01 , 1.041837E+08
1.000000E+19 , 1.000000E-10 , 1.000000E+09 , 9.200000E-01 , 2.185426E+08
1.000000E+19 , 1.000000E-09 , 1.000000E+09 , 9.200000E-01 , 5.869312E+08
1.000000E+19 , 1.000000E-08 , 1.000000E+09 , 9.200000E-01 , 1.672828E+09
1.000000E+19 , 1.000000E-07 , 1.000000E+09 , 9.200000E-01 , 4.861759E+09
1.000000E+13 , 1.000000E-11 , 1.000000E+10 , 9.200000E-01 , 4.774860E+09
1.000000E+13 , 1.000000E-10 , 1.000000E+10 , 9.200000E-01 , 4.708767E+09
1.000000E+13 , 1.000000E-09 , 1.000000E+10 , 9.200000E-01 , 4.515216E+09
1.000000E+13 , 1.000000E-08 , 1.000000E+10 , 9.200000E-01 , 4.030194E+09
1.000000E+13 , 1.000000E-07 , 1.000000E+10 , 9.200000E-01 , 3.434596E+09
1.000000E+14 , 1.000000E-11 , 1.000000E+10 , 9.200000E-01 , 2.694934E+09
1.000000E+14 , 1.000000E-10 , 1.000000E+10 , 9.200000E-01 , 2.614999E+09
1.000000E+14 , 1.000000E-09 , 1.000000E+10 , 9.200000E-01 , 2.386920E+09
1.000000E+14 , 1.000000E-08 , 1.000000E+10 , 9.200000E-01 , 1.865661E+09
1.000000E+14 , 1.000000E-07 , 1.000000E+10 , 9.200000E-01 , 1.745140E+09
1.000000E+15 , 1.000000E-11 , 1.000000E+10 , 9.200000E-01 , 3.107666E+08
1.000000E+15 , 1.000000E-10 , 1.000000E+10 , 9.200000E-01 , 3.175396E+08
1.000000E+15 , 1.000000E-09 , 1.000000E+10 , 9.200000E-01 , 3.396929E+08
1.000000E+15 , 1.000000E-08 , 1.000000E+10 , 9.200000E-01 , 4.097604E+08
1.000000E+15 , 1.000000E-07 , 1.000000E+10 , 9.200000E-01 , 9.118412E+08
1.000000E+16 , 1.000000E-11 , 1.000000E+10 , 9.200000E-01 , 4.177599E+07
1.000000E+16 , 1.000000E-10 , 1.000000E+10 , 9.200000E-01 , 5.700284E+07
1.000000E+16 , 1.000000E-09 , 1.000000E+10 , 9.200000E-01 , 1.043219E+08
1.000000E+16 , 1.000000E-08 , 1.000000E+10 , 9.200000E-01 , 2.404085E+08
1.000000E+16 , 1.000000E-07 , 1.000000E+10 , 9.200000E-01 , 8.160353E+08
1.000000E+17 , 1.000000E-11 , 1.000000E+10 , 9.200000E-01 , 1.483108E+07
1.000000E+17 , 1.000000E-10 , 1.000000E+10 , 9.200000E-01 , 3.087995E+07
1.000000E+17 , 1.000000E-09 , 1.000000E+10 , 9.200000E-01 , 8.065819E+07
1.000000E+17 , 1.000000E-08 , 1.000000E+10 , 9.200000E-01 , 2.233018E+08
1.000000E+17 , 1.000000E-07 , 1.000000E+10 , 9.200000E-01 , 8.064000E+08
1.000000E+18 , 1.000000E-11 , 1.000000E+10 , 9.200000E-01 , 1.213643E+07
1.000000E+18 , 1.000000E-10 , 1.000000E+10 , 9.200000E-01 , 2.826725E+07
1.000000E+18 , 1.000000E-09 , 1.000000E+10 , 9.200000E-01 , 7.829078E+07
1.000000E+18 , 1.000000E-08 , 1.000000E+10 , 9.200000E-01 , 2.215895E+08
1.000000E+18 , 1.000000E-07 , 1.000000E+10 , 9.200000E-01 , 8.054360E+08
1.000000E+19 , 1.000000E-11 , 1.000000E+10 , 9.200000E-01 , 1.186696E+07
1.000000E+19 , 1.000000E-10 , 1.000000E+10 , 9.200000E-01 , 2.800597E+07
1.000000E+19 , 1.000000E-09 , 1.000000E+10 , 9.200000E-01 , 7.805402E+07
1.000000E+19 , 1.000000E-08 , 1.000000E+10 , 9.200000E-01 , 2.214183E+08
1.000000E+19 , 1.000000E-07 , 1.000000E+10 , 9.200000E-01 , 8.053396E+08
1.000000E+13 , 1.000000E-11 , 1.000000E+07 , 9.300000E-01 , 1.161540E+09
1.000000E+13 , 1.000000E-10 , 1.000000E+07 , 9.300000E-01 , 1.162547E+09
1.000000E+13 , 1.000000E-09 , 1.000000E+07 , 9.300000E-01 , 1.166102E+09
1.000000E+13 , 1.000000E-08 , 1.000000E+07 , 9.300000E-01 , 1.176802E+09
1.000000E+13 , 1.000000E-07 , 1.000000E+07 , 9.300000E-01 , 1.206934E+09
1.000000E+14 , 1.000000E-11 , 1.000000E+07 , 9.300000E-01 , 1.176758E+08
1.000000E+14 , 1.000000E-10 , 1.000000E+07 , 9.300000E-01 , 1.189704E+08
1.000000E+14 , 1.000000E-09 , 1.000000E+07 , 9.300000E-01 , 1.234414E+08
1.000000E+14 , 1.000000E-08 , 1.000000E+07 , 9.300000E-01 , 1.370027E+08
1.000000E+14 , 1.000000E-07 , 1.000000E+07 , 9.300000E-01 , 1.752203E+08
1.000000E+15 , 1.000000E-11 , 1.000000E+07 , 9.300000E-01 , 1.328144E+07
1.000000E+15 , 1.000000E-10 , 1.000000E+07 , 9.300000E-01 , 1.460428E+07
1.000000E+15 , 1.000000E-09 , 1.000000E+07 , 9.300000E-01 , 1.916528E+07
1.000000E+15 , 1.000000E-08 , 1.000000E+07 , 9.300000E-01 , 3.300880E+07
1.000000E+15 , 1.000000E-07 , 1.000000E+07 , 9.300000E-01 , 7.203024E+07
1.000000E+16 , 1.000000E-11 , 1.000000E+07 , 9.300000E-01 , 2.841995E+06
1.000000E+16 , 1.000000E-10 , 1.000000E+07 , 9.300000E-01 , 4.167654E+06
1.000000E+16 , 1.000000E-09 , 1.000000E+07 , 9.300000E-01 , 8.737636E+06
1.000000E+16 , 1.000000E-08 , 1.000000E+07 , 9.300000E-01 , 2.260934E+07
1.000000E+16 , 1.000000E-07 , 1.000000E+07 , 9.300000E-01 , 6.171112E+07
1.000000E+17 , 1.000000E-11 , 1.000000E+07 , 9.300000E-01 , 1.798050E+06
1.000000E+17 , 1.000000E-10 , 1.000000E+07 , 9.300000E-01 , 3.123991E+06
1.000000E+17 , 1.000000E-09 , 1.000000E+07 , 9.300000E-01 , 7.694872E+06
1.000000E+17 , 1.000000E-08 , 1.000000E+07 , 9.300000E-01 , 2.156940E+07
1.000000E+17 , 1.000000E-07 , 1.000000E+07 , 9.300000E-01 , 6.067921E+07
1.000000E+18 , 1.000000E-11 , 1.000000E+07 , 9.300000E-01 , 1.693655E+06
1.000000E+18 , 1.000000E-10 , 1.000000E+07 , 9.300000E-01 , 3.019625E+06
1.000000E+18 , 1.000000E-09 , 1.000000E+07 , 9.300000E-01 , 7.590596E+06
1.000000E+18 , 1.000000E-08 , 1.000000E+07 , 9.300000E-01 , 2.146540E+07
1.000000E+18 , 1.000000E-07 , 1.000000E+07 , 9.300000E-01 , 6.057601E+07
1.000000E+19 , 1.000000E-11 , 1.000000E+07 , 9.300000E-01 , 1.683216E+06
1.000000E+19 , 1.000000E-10 , 1.000000E+07 , 9.300000E-01 , 3.009188E+06
1.000000E+19 , 1.000000E-09 , 1.000000E+07 , 9.300000E-01 , 7.580168E+06
1.000000E+19 , 1.000000E-08 , 1.000000E+07 , 9.300000E-01 , 2.145500E+07
1.000000E+19 , 1.000000E-07 , 1.000000E+07 , 9.300000E-01 , 6.056569E+07
1.000000E+13 , 1.000000E-11 , 1.000000E+08 , 9.300000E-01 , 4.032853E+09
1.000000E+13 , 1.000000E-10 , 1.000000E+08 , 9.300000E-01 , 4.025962E+09
1.000000E+13 , 1.000000E-09 , 1.000000E+08 , 9.300000E-01 , 4.005524E+09
1.000000E+13 , 1.000000E-08 , 1.000000E+08 , 9.300000E-01 , 3.943812E+09
1.000000E+13 , 1.000000E-07 , 1.000000E+08 , 9.300000E-01 , 3.798980E+09
1.000000E+14 , 1.000000E-11 , 1.000000E+08 , 9.300000E-01 , 4.146149E+08
1.000000E+14 , 1.000000E-10 , 1.000000E+08 , 9.300000E-01 , 4.180345E+08
1.000000E+14 , 1.000000E-09 , 1.000000E+08 , 9.300000E-01 , 4.299077E+08
1.000000E+14 , 1.000000E-08 , 1.000000E+08 , 9.300000E-01 , 4.655613E+08
1.000000E+14 , 1.000000E-07 , 1.000000E+08 , 9.300000E-01 , 5.667090E+08
1.000000E+15 , 1.000000E-11 , 1.000000E+08 , 9.300000E-01 , 4.624977E+07
1.000000E+15 , 1.000000E-10 , 1.000000E+08 , 9.300000E-01 , 5.059331E+07
1.000000E+15 , 1.000000E-09 , 1.000000E+08 , 9.300000E-01 , 6.539025E+07
1.000000E+15 , 1.000000E-08 , 1.000000E+08 , 9.300000E-01 , 1.100801E+08
1.000000E+15 , 1.000000E-07 , 1.000000E+08 , 9.300000E-01 , 2.358565E+08
1.000000E+16 , 1.000000E-11 , 1.000000E+08 , 9.300000E-01 , 9.405756E+06
1.000000E+16 , 1.000000E-10 , 1.000000E+08 , 9.300000E-01 , 1.384015E+07
1.000000E+16 , 1.000000E-09 , 1.000000E+08 , 9.300000E-01 , 2.892491E+07
1.000000E+16 , 1.000000E-08 , 1.000000E+08 , 9.300000E-01 , 7.450700E+07
1.000000E+16 , 1.000000E-07 , 1.000000E+08 , 9.300000E-01 , 2.027358E+08
1.000000E+17 , 1.000000E-11 , 1.000000E+08 , 9.300000E-01 , 5.721340E+06
1.000000E+17 , 1.000000E-10 , 1.000000E+08 , 9.300000E-01 , 1.016480E+07
1.000000E+17 , 1.000000E-09 , 1.000000E+08 , 9.300000E-01 , 2.527830E+07
1.000000E+17 , 1.000000E-08 , 1.000000E+08 , 9.300000E-01 , 7.094949E+07
1.000000E+17 , 1.000000E-07 , 1.000000E+08 , 9.300000E-01 , 1.994234E+08
1.000000E+18 , 1.000000E-11 , 1.000000E+08 , 9.300000E-01 , 5.352898E+06
1.000000E+18 , 1.000000E-10 , 1.000000E+08 , 9.300000E-01 , 9.797265E+06
1.000000E+18 , 1.000000E-09 , 1.000000E+08 , 9.300000E-01 , 2.491364E+07
1.000000E+18 , 1.000000E-08 , 1.000000E+08 , 9.300000E-01 , 7.059373E+07
1.000000E+18 , 1.000000E-07 , 1.000000E+08 , 9.300000E-01 , 1.990922E+08
1.000000E+19 , 1.000000E-11 , 1.000000E+08 , 9.300000E-01 , 5.316054E+06
1.000000E+19 , 1.000000E-10 , 1.000000E+08 , 9.300000E-01 , 9.760512E+06
1.000000E+19 , 1.000000E-09 , 1.000000E+08 , 9.300000E-01 , 2.487717E+07
1.000000E+19 , 1.000000E-08 , 1.000000E+08 , 9.300000E-01 , 7.055816E+07
1.000000E+19 , 1.000000E-07 , 1.000000E+08 , 9.300000E-01 , 1.990591E+08
1.000000E+13 , 1.000000E-11 , 1.000000E+09 , 9.300000E-01 , 9.001007E+09
1.000000E+13 , 1.000000E-10 , 1.000000E+09 , 9.300000E-01 , 8.888528E+09
1.000000E+13 , 1.000000E-09 , 1.000000E+09 , 9.300000E-01 , 8.554107E+09
1.000000E+13 , 1.000000E-08 , 1.000000E+09 , 9.300000E-01 , 7.674233E+09
1.000000E+13 , 1.000000E-07 , 1.000000E+09 , 9.300000E-01 , 6.338896E+09
1.000000E+14 , 1.000000E-11 , 1.000000E+09 , 9.300000E-01 , 2.391953E+10
1.000000E+14 , 1.000000E-10 , 1.000000E+09 , 9.300000E-01 , 2.375095E+10
1.000000E+14 , 1.000000E-09 , 1.000000E+09 , 9.300000E-01 , 2.326891E+10
1.000000E+14 , 1.000000E-08 , 1.000000E+09 , 9.300000E-01 , 2.197114E+10
1.000000E+14 , 1.000000E-07 , 1.000000E+09 , 9.300000E-01 , 2.124067E+10
1.000000E+15 , 1.000000E-11 , 1.000000E+09 , 9.300000E-01 , 4.002247E+09
1.000000E+15 , 1.000000E-10 , 1.000000E+09 , 9.300000E-01 , 4.252181E+09
1.000000E+15 , 1.000000E-09 , 1.000000E+09 , 9.300000E-01 , 5.067288E+09
1.000000E+15 , 1.000000E-08 , 1.000000E+09 , 9.300000E-01 , 7.480439E+09
1.000000E+15 , 1.000000E-07 , 1.000000E+09 , 9.300000E-01 , 1.489350E+10
1.000000E+16 , 1.000000E-11 , 1.000000E+09 , 9.300000E-01 , 6.554540E+08
1.000000E+16 , 1.000000E-10 , 1.000000E+09 , 9.300000E-01 , 9.543972E+08
1.000000E+16 , 1.000000E-09 , 1.000000E+09 , 9.300000E-01 , 1.920847E+09
1.000000E+16 , 1.000000E-08 , 1.000000E+09 , 9.300000E-01 , 4.774932E+09
1.000000E+16 , 1.000000E-07 , 1.000000E+09 , 9.300000E-01 , 1.312358E+10
1.000000E+17 , 1.000000E-11 , 1.000000E+09 , 9.300000E-01 , 3.184781E+08
1.000000E+17 , 1.000000E-10 , 1.000000E+09 , 9.300000E-01 , 6.221487E+08
1.000000E+17 , 1.000000E-09 , 1.000000E+09 , 9.300000E-01 , 1.603190E+09
1.000000E+17 , 1.000000E-08 , 1.000000E+09 , 9.300000E-01 , 4.499898E+09
1.000000E+17 , 1.000000E-07 , 1.000000E+09 , 9.300000E-01 , 1.293864E+10
1.000000E+18 , 1.000000E-11 , 1.000000E+09 , 9.300000E-01 , 2.847767E+08
1.000000E+18 , 1.000000E-10 , 1.000000E+09 , 9.300000E-01 , 5.889181E+08
1.000000E+18 , 1.000000E-09 , 1.000000E+09 , 9.300000E-01 , 1.571412E+09
1.000000E+18 , 1.000000E-08 , 1.000000E+09 , 9.300000E-01 , 4.472365E+09
1.000000E+18 , 1.000000E-07 , 1.000000E+09 , 9.300000E-01 , 1.292008E+10
1.000000E+19 , 1.000000E-11 , 1.000000E+09 , 9.300000E-01 , 2.814066E+08
1.000000E+19 , 1.000000E-10 , 1.000000E+09 , 9.300000E-01 , 5.855949E+08
1.000000E+19 , 1.000000E-09 , 1.000000E+09 , 9.300000E-01 , 1.568234E+09
1.000000E+19 , 1.000000E-08 , 1.000000E+09 , 9.300000E-01 , 4.469612E+09
1.000000E+19 , 1.000000E-07 , 1.000000E+09 , 9.300000E-01 , 1.291822E+10
1.000000E+13 , 1.000000E-11 , 1.000000E+10 , 9.300000E-01 , 5.222141E+09
1.000000E+13 , 1.000000E-10 , 1.000000E+10 , 9.300000E-01 , 5.145548E+09
1.000000E+13 , 1.000000E-09 , 1.000000E+10 , 9.300000E-01 , 4.920831E+09
1.000000E+13 , 1.000000E-08 , 1.000000E+10 , 9.300000E-01 , 4.353217E+09
1.000000E+13 , 1.000000E-07 , 1.000000E+10 , 9.300000E-01 , 3.608353E+09
1.000000E+14 , 1.000000E-11 , 1.000000E+10 , 9.300000E-01 , 2.402107E+09
1.000000E+14 , 1.000000E-10 , 1.000000E+10 , 9.300000E-01 , 2.330151E+09
1.000000E+14 , 1.000000E-09 , 1.000000E+10 , 9.300000E-01 , 2.124976E+09
1.000000E+14 , 1.000000E-08 , 1.000000E+10 , 9.300000E-01 , 1.656492E+09
1.000000E+14 , 1.000000E-07 , 1.000000E+10 , 9.300000E-01 , 1.539437E+09
1.000000E+15 , 1.000000E-11 , 1.000000E+10 , 9.300000E-01 , 2.675889E+08
1.000000E+15 , 1.000000E-10 , 1.000000E+10 , 9.300000E-01 , 2.734029E+08
1.000000E+15 , 1.000000E-09 , 1.000000E+10 , 9.300000E-01 , 2.924677E+08
1.000000E+15 , 1.000000E-08 , 1.000000E+10 , 9.300000E-01 , 3.529607E+08
1.000000E+15 , 1.000000E-07 , 1.000000E+10 , 9.300000E-01 , 7.842887E+08
1.000000E+16 , 1.000000E-11 , 1.000000E+10 , 9.300000E-01 , 3.602431E+07
1.000000E+16 , 1.000000E-10 , 1.000000E+10 , 9.300000E-01 , 4.919152E+07
1.000000E+16 , 1.000000E-09 , 1.000000E+10 , 9.300000E-01 , 9.012971E+07
1.000000E+16 , 1.000000E-08 , 1.000000E+10 , 9.300000E-01 , 2.079201E+08
1.000000E+16 , 1.000000E-07 , 1.000000E+10 , 9.300000E-01 , 7.032233E+08
1.000000E+17 , 1.000000E-11 , 1.000000E+10 , 9.300000E-01 , 1.283880E+07
1.000000E+17 , 1.000000E-10 , 1.000000E+10 , 9.300000E-01 , 2.672164E+07
1.000000E+17 , 1.000000E-09 , 1.000000E+10 , 9.300000E-01 , 6.979915E+07
1.000000E+17 , 1.000000E-08 , 1.000000E+10 , 9.300000E-01 , 1.932848E+08
1.000000E+17 , 1.000000E-07 , 1.000000E+10 , 9.300000E-01 , 6.951014E+08
1.000000E+18 , 1.000000E-11 , 1.000000E+10 , 9.300000E-01 , 1.052013E+07
1.000000E+18 , 1.000000E-10 , 1.000000E+10 , 9.300000E-01 , 2.447432E+07
1.000000E+18 , 1.000000E-09 , 1.000000E+10 , 9.300000E-01 , 6.776524E+07
1.000000E+18 , 1.000000E-08 , 1.000000E+10 , 9.300000E-01 , 1.918200E+08
1.000000E+18 , 1.000000E-07 , 1.000000E+10 , 9.300000E-01 , 6.942891E+08
1.000000E+19 , 1.000000E-11 , 1.000000E+10 , 9.300000E-01 , 1.028826E+07
1.000000E+19 , 1.000000E-10 , 1.000000E+10 , 9.300000E-01 , 2.424959E+07
1.000000E+19 , 1.000000E-09 , 1.000000E+10 , 9.300000E-01 , 6.756184E+07
1.000000E+19 , 1.000000E-08 , 1.000000E+10 , 9.300000E-01 , 1.916735E+08
1.000000E+19 , 1.000000E-07 , 1.000000E+10 , 9.300000E-01 , 6.942079E+08
1.000000E+13 , 1.000000E-11 , 1.000000E+07 , 9.400000E-01 , 1.172748E+09
1.000000E+13 , 1.000000E-10 , 1.000000E+07 , 9.400000E-01 , 1.173816E+09
1.000000E+13 , 1.000000E-09 , 1.000000E+07 , 9.400000E-01 , 1.177672E+09
1.000000E+13 , 1.000000E-08 , 1.000000E+07 , 9.400000E-01 , 1.189350E+09
1.000000E+13 , 1.000000E-07 , 1.000000E+07 , 9.400000E-01 , 1.222207E+09
1.000000E+14 , 1.000000E-11 , 1.000000E+07 , 9.400000E-01 , 1.190240E+08
1.000000E+14 , 1.000000E-10 , 1.000000E+07 , 9.400000E-01 , 1.204079E+08
1.000000E+14 , 1.000000E-09 , 1.000000E+07 , 9.400000E-01 , 1.252719E+08
1.000000E+14 , 1.000000E-08 , 1.000000E+07 , 9.400000E-01 , 1.401026E+08
1.000000E+14 , 1.000000E-07 , 1.000000E+07 , 9.400000E-01 , 1.820193E+08
1.000000E+15 , 1.000000E-11 , 1.000000E+07 , 9.400000E-01 , 1.364306E+07
1.000000E+15 , 1.000000E-10 , 1.000000E+07 , 9.400000E-01 , 1.505799E+07
1.000000E+15 , 1.000000E-09 , 1.000000E+07 , 9.400000E-01 , 2.002108E+07
1.000000E+15 , 1.000000E-08 , 1.000000E+07 , 9.400000E-01 , 3.516273E+07
1.000000E+15 , 1.000000E-07 , 1.000000E+07 , 9.400000E-01 , 7.797949E+07
1.000000E+16 , 1.000000E-11 , 1.000000E+07 , 9.400000E-01 , 3.104959E+06
1.000000E+16 , 1.000000E-10 , 1.000000E+07 , 9.400000E-01 , 4.522987E+06
1.000000E+16 , 1.000000E-09 , 1.000000E+07 , 9.400000E-01 , 9.495963E+06
1.000000E+16 , 1.000000E-08 , 1.000000E+07 , 9.400000E-01 , 2.466867E+07
1.000000E+16 , 1.000000E-07 , 1.000000E+07 , 9.400000E-01 , 6.757537E+07
1.000000E+17 , 1.000000E-11 , 1.000000E+07 , 9.400000E-01 , 2.051149E+06
1.000000E+17 , 1.000000E-10 , 1.000000E+07 , 9.400000E-01 , 3.469487E+06
1.000000E+17 , 1.000000E-09 , 1.000000E+07 , 9.400000E-01 , 8.443451E+06
1.000000E+17 , 1.000000E-08 , 1.000000E+07 , 9.400000E-01 , 2.361926E+07
1.000000E+17 , 1.000000E-07 , 1.000000E+07 , 9.400000E-01 , 6.653495E+07
1.000000E+18 , 1.000000E-11 , 1.000000E+07 , 9.400000E-01 , 1.945768E+06
1.000000E+18 , 1.000000E-10 , 1.000000E+07 , 9.400000E-01 , 3.364137E+06
1.000000E+18 , 1.000000E-09 , 1.000000E+07 , 9.400000E-01 , 8.338200E+06
1.000000E+18 , 1.000000E-08 , 1.000000E+07 , 9.400000E-01 , 2.351432E+07
1.000000E+18 , 1.000000E-07 , 1.000000E+07 , 9.400000E-01 , 6.643091E+07
1.000000E+19 , 1.000000E-11 , 1.000000E+07 , 9.400000E-01 , 1.935230E+06
1.000000E+19 , 1.000000E-10 , 1.000000E+07 , 9.400000E-01 , 3.353602E+06
1.000000E+19 , 1.000000E-09 , 1.000000E+07 , 9.400000E-01 , 8.327675E+06
1.000000E+19 , 1.000000E-08 , 1.000000E+07 , 9.400000E-01 , 2.350383E+07
1.000000E+19 , 1.000000E-07 , 1.000000E+07 , 9.400000E-01 , 6.642051E+07
1.000000E+13 , 1.000000E-11 , 1.000000E+08 , 9.400000E-01 , 4.388921E+09
1.000000E+13 , 1.000000E-10 , 1.000000E+08 , 9.400000E-01 , 4.380751E+09
1.000000E+13 , 1.000000E-09 , 1.000000E+08 , 9.400000E-01 , 4.356656E+09
1.000000E+13 , 1.000000E-08 , 1.000000E+08 , 9.400000E-01 , 4.283897E+09
1.000000E+13 , 1.000000E-07 , 1.000000E+08 , 9.400000E-01 , 4.107133E+09
1.000000E+14 , 1.000000E-11 , 1.000000E+08 , 9.400000E-01 , 4.530183E+08
1.000000E+14 , 1.000000E-10 , 1.000000E+08 , 9.400000E-01 , 4.569187E+08
1.000000E+14 , 1.000000E-09 , 1.000000E+08 , 9.400000E-01 , 4.706930E+08
1.000000E+14 , 1.000000E-08 , 1.000000E+08 , 9.400000E-01 , 5.122769E+08
1.000000E+14 , 1.000000E-07 , 1.000000E+08 , 9.400000E-01 , 6.300741E+08
1.000000E+15 , 1.000000E-11 , 1.000000E+08 , 9.400000E-01 , 5.112507E+07
1.000000E+15 , 1.000000E-10 , 1.000000E+08 , 9.400000E-01 , 5.610985E+07
1.000000E+15 , 1.000000E-09 , 1.000000E+08 , 9.400000E-01 , 7.331782E+07
1.000000E+15 , 1.000000E-08 , 1.000000E+08 , 9.400000E-01 , 1.255183E+08
1.000000E+15 , 1.000000E-07 , 1.000000E+08 , 9.400000E-01 , 2.726840E+08
1.000000E+16 , 1.000000E-11 , 1.000000E+08 , 9.400000E-01 , 1.092627E+07
1.000000E+16 , 1.000000E-10 , 1.000000E+08 , 9.400000E-01 , 1.601769E+07
1.000000E+16 , 1.000000E-09 , 1.000000E+08 , 9.400000E-01 , 3.356368E+07
1.000000E+16 , 1.000000E-08 , 1.000000E+08 , 9.400000E-01 , 8.681219E+07
1.000000E+16 , 1.000000E-07 , 1.000000E+08 , 9.400000E-01 , 2.369004E+08
1.000000E+17 , 1.000000E-11 , 1.000000E+08 , 9.400000E-01 , 6.906368E+06
1.000000E+17 , 1.000000E-10 , 1.000000E+08 , 9.400000E-01 , 1.200844E+07
1.000000E+17 , 1.000000E-09 , 1.000000E+08 , 9.400000E-01 , 2.958818E+07
1.000000E+17 , 1.000000E-08 , 1.000000E+08 , 9.400000E-01 , 8.294135E+07
1.000000E+17 , 1.000000E-07 , 1.000000E+08 , 9.400000E-01 , 2.333217E+08
1.000000E+18 , 1.000000E-11 , 1.000000E+08 , 9.400000E-01 , 6.504378E+06
1.000000E+18 , 1.000000E-10 , 1.000000E+08 , 9.400000E-01 , 1.160751E+07
1.000000E+18 , 1.000000E-09 , 1.000000E+08 , 9.400000E-01 , 2.919063E+07
1.000000E+18 , 1.000000E-08 , 1.000000E+08 , 9.400000E-01 , 8.255426E+07
1.000000E+18 , 1.000000E-07 , 1.000000E+08 , 9.400000E-01 , 2.329638E+08
1.000000E+19 , 1.000000E-11 , 1.000000E+08 , 9.400000E-01 , 6.464179E+06
1.000000E+19 , 1.000000E-10 , 1.000000E+08 , 9.400000E-01 , 1.156742E+07
1.000000E+19 , 1.000000E-09 , 1.000000E+08 , 9.400000E-01 , 2.915087E+07
1.000000E+19 , 1.000000E-08 , 1.000000E+08 , 9.400000E-01 , 8.251555E+07
1.000000E+19 , 1.000000E-07 , 1.000000E+08 , 9.400000E-01 , 2.329280E+08
1.000000E+13 , 1.000000E-11 , 1.000000E+09 , 9.400000E-01 , 1.061134E+10
1.000000E+13 , 1.000000E-10 , 1.000000E+09 , 9.400000E-01 , 1.047186E+10
1.000000E+13 , 1.000000E-09 , 1.000000E+09 , 9.400000E-01 , 1.005685E+10
1.000000E+13 , 1.000000E-08 , 1.000000E+09 , 9.400000E-01 , 8.960230E+09
1.000000E+13 , 1.000000E-07 , 1.000000E+09 , 9.400000E-01 , 7.228713E+09
1.000000E+14 , 1.000000E-11 , 1.000000E+09 , 9.400000E-01 , 6.540255E+10
1.000000E+14 , 1.000000E-10 , 1.000000E+09 , 9.400000E-01 , 6.492235E+10
1.000000E+14 , 1.000000E-09 , 1.000000E+09 , 9.400000E-01 , 6.355530E+10
1.000000E+14 , 1.000000E-08 , 1.000000E+09 , 9.400000E-01 , 5.989214E+10
1.000000E+14 , 1.000000E-07 , 1.000000E+09 , 9.400000E-01 , 5.745472E+10
1.000000E+15 , 1.000000E-11 , 1.000000E+09 , 9.400000E-01 , 3.687211E+10
1.000000E+15 , 1.000000E-10 , 1.000000E+09 , 9.400000E-01 , 3.921729E+10
1.000000E+15 , 1.000000E-09 , 1.000000E+09 , 9.400000E-01 , 4.689604E+10
1.000000E+15 , 1.000000E-08 , 1.000000E+09 , 9.400000E-01 , 6.968591E+10
1.000000E+15 , 1.000000E-07 , 1.000000E+09 , 9.400000E-01 , 1.389801E+11
1.000000E+16 , 1.000000E-11 , 1.000000E+09 , 9.400000E-01 , 6.364172E+09
1.000000E+16 , 1.000000E-10 , 1.000000E+09 , 9.400000E-01 , 9.283854E+09
1.000000E+16 , 1.000000E-09 , 1.000000E+09 , 9.400000E-01 , 1.875228E+10
1.000000E+16 , 1.000000E-08 , 1.000000E+09 , 9.400000E-01 , 4.676496E+10
1.000000E+16 , 1.000000E-07 , 1.000000E+09 , 9.400000E-01 , 1.280605E+11
1.000000E+17 , 1.000000E-11 , 1.000000E+09 , 9.400000E-01 , 3.149625E+09
1.000000E+17 , 1.000000E-10 , 1.000000E+09 , 9.400000E-01 , 6.117134E+09
1.000000E+17 , 1.000000E-09 , 1.000000E+09 , 9.400000E-01 , 1.573321E+10
1.000000E+17 , 1.000000E-08 , 1.000000E+09 , 9.400000E-01 , 4.417652E+10
1.000000E+17 , 1.000000E-07 , 1.000000E+09 , 9.400000E-01 , 1.264020E+11
1.000000E+18 , 1.000000E-11 , 1.000000E+09 , 9.400000E-01 , 2.827896E+09
1.000000E+18 , 1.000000E-10 , 1.000000E+09 , 9.400000E-01 , 5.800065E+09
1.000000E+18 , 1.000000E-09 , 1.000000E+09 , 9.400000E-01 , 1.543052E+10
1.000000E+18 , 1.000000E-08 , 1.000000E+09 , 9.400000E-01 , 4.391574E+10
1.000000E+18 , 1.000000E-07 , 1.000000E+09 , 9.400000E-01 , 1.262310E+11
1.000000E+19 , 1.000000E-11 , 1.000000E+09 , 9.400000E-01 , 2.795721E+09
1.000000E+19 , 1.000000E-10 , 1.000000E+09 , 9.400000E-01 , 5.768356E+09
1.000000E+19 , 1.000000E-09 , 1.000000E+09 , 9.400000E-01 , 1.540024E+10
1.000000E+19 , 1.000000E-08 , 1.000000E+09 , 9.400000E-01 , 4.388964E+10
1.000000E+19 , 1.000000E-07 , 1.000000E+09 , 9.400000E-01 , 1.262138E+11
1.000000E+13 , 1.000000E-11 , 1.000000E+10 , 9.400000E-01 , 5.825965E+09
1.000000E+13 , 1.000000E-10 , 1.000000E+10 , 9.400000E-01 , 5.735418E+09
1.000000E+13 , 1.000000E-09 , 1.000000E+10 , 9.400000E-01 , 5.469296E+09
1.000000E+13 , 1.000000E-08 , 1.000000E+10 , 9.400000E-01 , 4.792100E+09
1.000000E+13 , 1.000000E-07 , 1.000000E+10 , 9.400000E-01 , 3.849587E+09
1.000000E+14 , 1.000000E-11 , 1.000000E+10 , 9.400000E-01 , 2.138629E+09
1.000000E+14 , 1.000000E-10 , 1.000000E+10 , 9.400000E-01 , 2.073954E+09
1.000000E+14 , 1.000000E-09 , 1.000000E+10 , 9.400000E-01 , 1.889668E+09
1.000000E+14 , 1.000000E-08 , 1.000000E+10 , 9.400000E-01 , 1.469312E+09
1.000000E+14 , 1.000000E-07 , 1.000000E+10 , 9.400000E-01 , 1.356805E+09
1.000000E+15 , 1.000000E-11 , 1.000000E+10 , 9.400000E-01 , 2.323619E+08
1.000000E+15 , 1.000000E-10 , 1.000000E+10 , 9.400000E-01 , 2.373953E+08
1.000000E+15 , 1.000000E-09 , 1.000000E+10 , 9.400000E-01 , 2.539434E+08
1.000000E+15 , 1.000000E-08 , 1.000000E+10 , 9.400000E-01 , 3.066225E+08
1.000000E+15 , 1.000000E-07 , 1.000000E+10 , 9.400000E-01 , 6.803241E+08
1.000000E+16 , 1.000000E-11 , 1.000000E+10 , 9.400000E-01 , 3.133185E+07
1.000000E+16 , 1.000000E-10 , 1.000000E+10 , 9.400000E-01 , 4.281597E+07
1.000000E+16 , 1.000000E-09 , 1.000000E+10 , 9.400000E-01 , 7.853866E+07
1.000000E+16 , 1.000000E-08 , 1.000000E+10 , 9.400000E-01 , 1.813710E+08
1.000000E+16 , 1.000000E-07 , 1.000000E+10 , 9.400000E-01 , 6.112307E+08
1.000000E+17 , 1.000000E-11 , 1.000000E+10 , 9.400000E-01 , 1.121000E+07
1.000000E+17 , 1.000000E-10 , 1.000000E+10 , 9.400000E-01 , 2.332243E+07
1.000000E+17 , 1.000000E-09 , 1.000000E+10 , 9.400000E-01 , 6.092198E+07
1.000000E+17 , 1.000000E-08 , 1.000000E+10 , 9.400000E-01 , 1.687428E+08
1.000000E+17 , 1.000000E-07 , 1.000000E+10 , 9.400000E-01 , 6.043286E+08
1.000000E+18 , 1.000000E-11 , 1.000000E+10 , 9.400000E-01 , 9.197713E+06
1.000000E+18 , 1.000000E-10 , 1.000000E+10 , 9.400000E-01 , 2.137280E+07
1.000000E+18 , 1.000000E-09 , 1.000000E+10 , 9.400000E-01 , 5.915960E+07
1.000000E+18 , 1.000000E-08 , 1.000000E+10 , 9.400000E-01 , 1.674790E+08
1.000000E+18 , 1.000000E-07 , 1.000000E+10 , 9.400000E-01 , 6.036385E+08
1.000000E+19 , 1.000000E-11 , 1.000000E+10 , 9.400000E-01 , 8.996484E+06
1.000000E+19 , 1.000000E-10 , 1.000000E+10 , 9.400000E-01 , 2.117784E+07
1.000000E+19 , 1.000000E-09 , 1.000000E+10 , 9.400000E-01 , 5.898335E+07
1.000000E+19 , 1.000000E-08 , 1.000000E+10 , 9.400000E-01 , 1.673526E+08
1.000000E+19 , 1.000000E-07 , 1.000000E+10 , 9.400000E-01 , 6.035695E+08
1.000000E+13 , 1.000000E-11 , 1.000000E+07 , 9.500000E-01 , 1.188593E+09
1.000000E+13 , 1.000000E-10 , 1.000000E+07 , 9.500000E-01 , 1.189735E+09
1.000000E+13 , 1.000000E-09 , 1.000000E+07 , 9.500000E-01 , 1.193987E+09
1.000000E+13 , 1.000000E-08 , 1.000000E+07 , 9.500000E-01 , 1.206960E+09
1.000000E+13 , 1.000000E-07 , 1.000000E+07 , 9.500000E-01 , 1.243502E+09
1.000000E+14 , 1.000000E-11 , 1.000000E+07 , 9.500000E-01 , 1.209307E+08
1.000000E+14 , 1.000000E-10 , 1.000000E+07 , 9.500000E-01 , 1.224257E+08
1.000000E+14 , 1.000000E-09 , 1.000000E+07 , 9.500000E-01 , 1.278060E+08
1.000000E+14 , 1.000000E-08 , 1.000000E+07 , 9.500000E-01 , 1.443143E+08
1.000000E+14 , 1.000000E-07 , 1.000000E+07 , 9.500000E-01 , 1.911735E+08
1.000000E+15 , 1.000000E-11 , 1.000000E+07 , 9.500000E-01 , 1.415534E+07
1.000000E+15 , 1.000000E-10 , 1.000000E+07 , 9.500000E-01 , 1.568502E+07
1.000000E+15 , 1.000000E-09 , 1.000000E+07 , 9.500000E-01 , 2.117618E+07
1.000000E+15 , 1.000000E-08 , 1.000000E+07 , 9.500000E-01 , 3.803296E+07
1.000000E+15 , 1.000000E-07 , 1.000000E+07 , 9.500000E-01 , 8.591627E+07
1.000000E+16 , 1.000000E-11 , 1.000000E+07 , 9.500000E-01 , 3.477797E+06
1.000000E+16 , 1.000000E-10 , 1.000000E+07 , 9.500000E-01 , 5.010937E+06
1.000000E+16 , 1.000000E-09 , 1.000000E+07 , 9.500000E-01 , 1.051317E+07
1.000000E+16 , 1.000000E-08 , 1.000000E+07 , 9.500000E-01 , 2.740474E+07
1.000000E+16 , 1.000000E-07 , 1.000000E+07 , 9.500000E-01 , 7.539037E+07
1.000000E+17 , 1.000000E-11 , 1.000000E+07 , 9.500000E-01 , 2.410042E+06
1.000000E+17 , 1.000000E-10 , 1.000000E+07 , 9.500000E-01 , 3.943528E+06
1.000000E+17 , 1.000000E-09 , 1.000000E+07 , 9.500000E-01 , 9.446864E+06
1.000000E+17 , 1.000000E-08 , 1.000000E+07 , 9.500000E-01 , 2.634192E+07
1.000000E+17 , 1.000000E-07 , 1.000000E+07 , 9.500000E-01 , 7.433778E+07
1.000000E+18 , 1.000000E-11 , 1.000000E+07 , 9.500000E-01 , 2.303266E+06
1.000000E+18 , 1.000000E-10 , 1.000000E+07 , 9.500000E-01 , 3.836787E+06
1.000000E+18 , 1.000000E-09 , 1.000000E+07 , 9.500000E-01 , 9.340234E+06
1.000000E+18 , 1.000000E-08 , 1.000000E+07 , 9.500000E-01 , 2.623563E+07
1.000000E+18 , 1.000000E-07 , 1.000000E+07 , 9.500000E-01 , 7.423252E+07
1.000000E+19 , 1.000000E-11 , 1.000000E+07 , 9.500000E-01 , 2.292589E+06
1.000000E+19 , 1.000000E-10 , 1.000000E+07 , 9.500000E-01 , 3.826113E+06
1.000000E+19 , 1.000000E-09 , 1.000000E+07 , 9.500000E-01 , 9.329571E+06
1.000000E+19 , 1.000000E-08 , 1.000000E+07 , 9.500000E-01 , 2.622501E+07
1.000000E+19 , 1.000000E-07 , 1.000000E+07 , 9.500000E-01 , 7.422200E+07
1.000000E+13 , 1.000000E-11 , 1.000000E+08 , 9.500000E-01 , 4.935000E+09
1.000000E+13 , 1.000000E-10 , 1.000000E+08 , 9.500000E-01 , 4.924893E+09
1.000000E+13 , 1.000000E-09 , 1.000000E+08 , 9.500000E-01 , 4.895306E+09
1.000000E+13 , 1.000000E-08 , 1.000000E+08 , 9.500000E-01 , 4.806010E+09
1.000000E+13 , 1.000000E-07 , 1.000000E+08 , 9.500000E-01 , 4.582379E+09
1.000000E+14 , 1.000000E-11 , 1.000000E+08 , 9.500000E-01 , 5.121477E+08
1.000000E+14 , 1.000000E-10 , 1.000000E+08 , 9.500000E-01 , 5.167682E+08
1.000000E+14 , 1.000000E-09 , 1.000000E+08 , 9.500000E-01 , 5.334464E+08
1.000000E+14 , 1.000000E-08 , 1.000000E+08 , 9.500000E-01 , 5.841150E+08
1.000000E+14 , 1.000000E-07 , 1.000000E+08 , 9.500000E-01 , 7.276895E+08
1.000000E+15 , 1.000000E-11 , 1.000000E+08 , 9.500000E-01 , 5.867235E+07
1.000000E+15 , 1.000000E-10 , 1.000000E+08 , 9.500000E-01 , 6.462073E+07
1.000000E+15 , 1.000000E-09 , 1.000000E+08 , 9.500000E-01 , 8.550652E+07
1.000000E+15 , 1.000000E-08 , 1.000000E+08 , 9.500000E-01 , 1.491873E+08
1.000000E+15 , 1.000000E-07 , 1.000000E+08 , 9.500000E-01 , 3.292364E+08
1.000000E+16 , 1.000000E-11 , 1.000000E+08 , 9.500000E-01 , 1.331211E+07
1.000000E+16 , 1.000000E-10 , 1.000000E+08 , 9.500000E-01 , 1.939108E+07
1.000000E+16 , 1.000000E-09 , 1.000000E+08 , 9.500000E-01 , 4.069109E+07
1.000000E+16 , 1.000000E-08 , 1.000000E+08 , 9.500000E-01 , 1.056561E+08
1.000000E+16 , 1.000000E-07 , 1.000000E+08 , 9.500000E-01 , 2.893323E+08
1.000000E+17 , 1.000000E-11 , 1.000000E+08 , 9.500000E-01 , 8.776066E+06
1.000000E+17 , 1.000000E-10 , 1.000000E+08 , 9.500000E-01 , 1.486807E+07
1.000000E+17 , 1.000000E-09 , 1.000000E+08 , 9.500000E-01 , 3.620944E+07
1.000000E+17 , 1.000000E-08 , 1.000000E+08 , 9.500000E-01 , 1.013027E+08
1.000000E+17 , 1.000000E-07 , 1.000000E+08 , 9.500000E-01 , 2.853414E+08
1.000000E+18 , 1.000000E-11 , 1.000000E+08 , 9.500000E-01 , 8.322461E+06
1.000000E+18 , 1.000000E-10 , 1.000000E+08 , 9.500000E-01 , 1.441577E+07
1.000000E+18 , 1.000000E-09 , 1.000000E+08 , 9.500000E-01 , 3.576127E+07
1.000000E+18 , 1.000000E-08 , 1.000000E+08 , 9.500000E-01 , 1.008674E+08
1.000000E+18 , 1.000000E-07 , 1.000000E+08 , 9.500000E-01 , 2.849423E+08
1.000000E+19 , 1.000000E-11 , 1.000000E+08 , 9.500000E-01 , 8.277100E+06
1.000000E+19 , 1.000000E-10 , 1.000000E+08 , 9.500000E-01 , 1.437054E+07
1.000000E+19 , 1.000000E-09 , 1.000000E+08 , 9.500000E-01 , 3.571645E+07
1.000000E+19 , 1.000000E-08 , 1.000000E+08 , 9.500000E-01 , 1.008238E+08
1.000000E+19 , 1.000000E-07 , 1.000000E+08 , 9.500000E-01 , 2.849024E+08
1.000000E+13 , 1.000000E-11 , 1.000000E+09 , 9.500000E-01 , 1.289956E+10
1.000000E+13 , 1.000000E-10 , 1.000000E+09 , 9.500000E-01 , 1.272104E+10
1.000000E+13 , 1.000000E-09 , 1.000000E+09 , 9.500000E-01 , 1.218959E+10
1.000000E+13 , 1.000000E-08 , 1.000000E+09 , 9.500000E-01 , 1.077975E+10
1.000000E+13 , 1.000000E-07 , 1.000000E+09 , 9.500000E-01 , 8.471841E+09
1.000000E+14 , 1.000000E-11 , 1.000000E+09 , 9.500000E-01 , 6.901444E+10
1.000000E+14 , 1.000000E-10 , 1.000000E+09 , 9.500000E-01 , 6.848644E+10
1.000000E+14 , 1.000000E-09 , 1.000000E+09 , 9.500000E-01 , 6.699069E+10
1.000000E+14 , 1.000000E-08 , 1.000000E+09 , 9.500000E-01 , 6.300492E+10
1.000000E+14 , 1.000000E-07 , 1.000000E+09 , 9.500000E-01 , 5.998968E+10
1.000000E+15 , 1.000000E-11 , 1.000000E+09 , 9.500000E-01 , 2.180530E+10
1.000000E+15 , 1.000000E-10 , 1.000000E+09 , 9.500000E-01 , 2.321892E+10
1.000000E+15 , 1.000000E-09 , 1.000000E+09 , 9.500000E-01 , 2.786762E+10
1.000000E+15 , 1.000000E-08 , 1.000000E+09 , 9.500000E-01 , 4.170125E+10
1.000000E+15 , 1.000000E-07 , 1.000000E+09 , 9.500000E-01 , 8.337499E+10
1.000000E+16 , 1.000000E-11 , 1.000000E+09 , 9.500000E-01 , 3.731944E+09
1.000000E+16 , 1.000000E-10 , 1.000000E+09 , 9.500000E-01 , 5.453450E+09
1.000000E+16 , 1.000000E-09 , 1.000000E+09 , 9.500000E-01 , 1.105522E+10
1.000000E+16 , 1.000000E-08 , 1.000000E+09 , 9.500000E-01 , 2.765995E+10
1.000000E+16 , 1.000000E-07 , 1.000000E+09 , 9.500000E-01 , 7.550986E+10
1.000000E+17 , 1.000000E-11 , 1.000000E+09 , 9.500000E-01 , 1.881521E+09
1.000000E+17 , 1.000000E-10 , 1.000000E+09 , 9.500000E-01 , 3.631090E+09
1.000000E+17 , 1.000000E-09 , 1.000000E+09 , 9.500000E-01 , 9.319328E+09
1.000000E+17 , 1.000000E-08 , 1.000000E+09 , 9.500000E-01 , 2.617563E+10
1.000000E+17 , 1.000000E-07 , 1.000000E+09 , 9.500000E-01 , 7.457181E+10
1.000000E+18 , 1.000000E-11 , 1.000000E+09 , 9.500000E-01 , 1.696406E+09
1.000000E+18 , 1.000000E-10 , 1.000000E+09 , 9.500000E-01 , 3.448748E+09
1.000000E+18 , 1.000000E-09 , 1.000000E+09 , 9.500000E-01 , 9.145526E+09
1.000000E+18 , 1.000000E-08 , 1.000000E+09 , 9.500000E-01 , 2.602667E+10
1.000000E+18 , 1.000000E-07 , 1.000000E+09 , 9.500000E-01 , 7.447664E+10
1.000000E+19 , 1.000000E-11 , 1.000000E+09 , 9.500000E-01 , 1.677895E+09
1.000000E+19 , 1.000000E-10 , 1.000000E+09 , 9.500000E-01 , 3.430513E+09
1.000000E+19 , 1.000000E-09 , 1.000000E+09 , 9.500000E-01 , 9.128144E+09
1.000000E+19 , 1.000000E-08 , 1.000000E+09 , 9.500000E-01 , 2.601177E+10
1.000000E+19 , 1.000000E-07 , 1.000000E+09 , 9.500000E-01 , 7.446711E+10
1.000000E+13 , 1.000000E-11 , 1.000000E+10 , 9.500000E-01 , 6.648459E+09
1.000000E+13 , 1.000000E-10 , 1.000000E+10 , 9.500000E-01 , 6.539096E+09
1.000000E+13 , 1.000000E-09 , 1.000000E+10 , 9.500000E-01 , 6.217144E+09
1.000000E+13 , 1.000000E-08 , 1.000000E+10 , 9.500000E-01 , 5.392386E+09
1.000000E+13 , 1.000000E-07 , 1.000000E+10 , 9.500000E-01 , 4.184234E+09
1.000000E+14 , 1.000000E-11 , 1.000000E+10 , 9.500000E-01 , 1.904158E+09
1.000000E+14 , 1.000000E-10 , 1.000000E+10 , 9.500000E-01 , 1.846045E+09
1.000000E+14 , 1.000000E-09 , 1.000000E+10 , 9.500000E-01 , 1.680576E+09
1.000000E+14 , 1.000000E-08 , 1.000000E+10 , 9.500000E-01 , 1.303577E+09
1.000000E+14 , 1.000000E-07 , 1.000000E+10 , 9.500000E-01 , 1.196296E+09
1.000000E+15 , 1.000000E-11 , 1.000000E+10 , 9.500000E-01 , 2.032772E+08
1.000000E+15 , 1.000000E-10 , 1.000000E+10 , 9.500000E-01 , 2.076677E+08
1.000000E+15 , 1.000000E-09 , 1.000000E+10 , 9.500000E-01 , 2.221401E+08
1.000000E+15 , 1.000000E-08 , 1.000000E+10 , 9.500000E-01 , 2.683657E+08
1.000000E+15 , 1.000000E-07 , 1.000000E+10 , 9.500000E-01 , 5.945708E+08
1.000000E+16 , 1.000000E-11 , 1.000000E+10 , 9.500000E-01 , 2.745667E+07
1.000000E+16 , 1.000000E-10 , 1.000000E+10 , 9.500000E-01 , 3.754856E+07
1.000000E+16 , 1.000000E-09 , 1.000000E+10 , 9.500000E-01 , 6.895596E+07
1.000000E+16 , 1.000000E-08 , 1.000000E+10 , 9.500000E-01 , 1.594092E+08
1.000000E+16 , 1.000000E-07 , 1.000000E+10 , 9.500000E-01 , 5.352971E+08
1.000000E+17 , 1.000000E-11 , 1.000000E+10 , 9.500000E-01 , 9.862004E+06
1.000000E+17 , 1.000000E-10 , 1.000000E+10 , 9.500000E-01 , 2.050966E+07
1.000000E+17 , 1.000000E-09 , 1.000000E+10 , 9.500000E-01 , 5.357594E+07
1.000000E+17 , 1.000000E-08 , 1.000000E+10 , 9.500000E-01 , 1.484311E+08
1.000000E+17 , 1.000000E-07 , 1.000000E+10 , 9.500000E-01 , 5.293897E+08
1.000000E+18 , 1.000000E-11 , 1.000000E+10 , 9.500000E-01 , 8.102458E+06
1.000000E+18 , 1.000000E-10 , 1.000000E+10 , 9.500000E-01 , 1.880554E+07
1.000000E+18 , 1.000000E-09 , 1.000000E+10 , 9.500000E-01 , 5.203734E+07
1.000000E+18 , 1.000000E-08 , 1.000000E+10 , 9.500000E-01 , 1.473325E+08
1.000000E+18 , 1.000000E-07 , 1.000000E+10 , 9.500000E-01 , 5.287992E+08
1.000000E+19 , 1.000000E-11 , 1.000000E+10 , 9.500000E-01 , 7.926503E+06
1.000000E+19 , 1.000000E-10 , 1.000000E+10 , 9.500000E-01 , 1.863513E+07
1.000000E+19 , 1.000000E-09 , 1.000000E+10 , 9.500000E-01 , 5.188347E+07
1.000000E+19 , 1.000000E-08 , 1.000000E+10 , 9.500000E-01 , 1.472226E+08
1.000000E+19 , 1.000000E-07 , 1.000000E+10 , 9.500000E-01 , 5.287401E+08
1.000000E+13 , 1.000000E-11 , 1.000000E+07 , 9.600000E-01 , 1.212697E+09
1.000000E+13 , 1.000000E-10 , 1.000000E+07 , 9.600000E-01 , 1.213932E+09
1.000000E+13 , 1.000000E-09 , 1.000000E+07 , 9.600000E-01 , 1.218737E+09
1.000000E+13 , 1.000000E-08 , 1.000000E+07 , 9.600000E-01 , 1.233539E+09
1.000000E+13 , 1.000000E-07 , 1.000000E+07 , 9.600000E-01 , 1.275384E+09
1.000000E+14 , 1.000000E-11 , 1.000000E+07 , 9.600000E-01 , 1.238348E+08
1.000000E+14 , 1.000000E-10 , 1.000000E+07 , 9.600000E-01 , 1.254737E+08
1.000000E+14 , 1.000000E-09 , 1.000000E+07 , 9.600000E-01 , 1.315742E+08
1.000000E+14 , 1.000000E-08 , 1.000000E+07 , 9.600000E-01 , 1.504425E+08
1.000000E+14 , 1.000000E-07 , 1.000000E+07 , 9.600000E-01 , 2.043335E+08
1.000000E+15 , 1.000000E-11 , 1.000000E+07 , 9.600000E-01 , 1.493844E+07
1.000000E+15 , 1.000000E-10 , 1.000000E+07 , 9.600000E-01 , 1.661697E+07
1.000000E+15 , 1.000000E-09 , 1.000000E+07 , 9.600000E-01 , 2.284489E+07
1.000000E+15 , 1.000000E-08 , 1.000000E+07 , 9.600000E-01 , 4.211381E+07
1.000000E+15 , 1.000000E-07 , 1.000000E+07 , 9.600000E-01 , 9.719932E+07
1.000000E+16 , 1.000000E-11 , 1.000000E+07 , 9.600000E-01 , 4.048794E+06
1.000000E+16 , 1.000000E-10 , 1.000000E+07 , 9.600000E-01 , 5.731276E+06
1.000000E+16 , 1.000000E-09 , 1.000000E+07 , 9.600000E-01 , 1.197191E+07
1.000000E+16 , 1.000000E-08 , 1.000000E+07 , 9.600000E-01 , 3.128083E+07
1.000000E+16 , 1.000000E-07 , 1.000000E+07 , 9.600000E-01 , 8.648570E+07
1.000000E+17 , 1.000000E-11 , 1.000000E+07 , 9.600000E-01 , 2.959829E+06
1.000000E+17 , 1.000000E-10 , 1.000000E+07 , 9.600000E-01 , 4.642706E+06
1.000000E+17 , 1.000000E-09 , 1.000000E+07 , 9.600000E-01 , 1.088461E+07
1.000000E+17 , 1.000000E-08 , 1.000000E+07 , 9.600000E-01 , 3.019753E+07
1.000000E+17 , 1.000000E-07 , 1.000000E+07 , 9.600000E-01 , 8.541433E+07
1.000000E+18 , 1.000000E-11 , 1.000000E+07 , 9.600000E-01 , 2.850932E+06
1.000000E+18 , 1.000000E-10 , 1.000000E+07 , 9.600000E-01 , 4.533849E+06
1.000000E+18 , 1.000000E-09 , 1.000000E+07 , 9.600000E-01 , 1.077588E+07
1.000000E+18 , 1.000000E-08 , 1.000000E+07 , 9.600000E-01 , 3.008920E+07
1.000000E+18 , 1.000000E-07 , 1.000000E+07 , 9.600000E-01 , 8.530720E+07
1.000000E+19 , 1.000000E-11 , 1.000000E+07 , 9.600000E-01 , 2.840043E+06
1.000000E+19 , 1.000000E-10 , 1.000000E+07 , 9.600000E-01 , 4.522964E+06
1.000000E+19 , 1.000000E-09 , 1.000000E+07 , 9.600000E-01 , 1.076501E+07
1.000000E+19 , 1.000000E-08 , 1.000000E+07 , 9.600000E-01 , 3.007837E+07
1.000000E+19 , 1.000000E-07 , 1.000000E+07 , 9.600000E-01 , 8.529648E+07
1.000000E+13 , 1.000000E-11 , 1.000000E+08 , 9.600000E-01 , 5.871233E+09
1.000000E+13 , 1.000000E-10 , 1.000000E+08 , 9.600000E-01 , 5.857829E+09
1.000000E+13 , 1.000000E-09 , 1.000000E+08 , 9.600000E-01 , 5.818972E+09
1.000000E+13 , 1.000000E-08 , 1.000000E+08 , 9.600000E-01 , 5.701873E+09
1.000000E+13 , 1.000000E-07 , 1.000000E+08 , 9.600000E-01 , 5.400814E+09
1.000000E+14 , 1.000000E-11 , 1.000000E+08 , 9.600000E-01 , 6.141411E+08
1.000000E+14 , 1.000000E-10 , 1.000000E+08 , 9.600000E-01 , 6.199700E+08
1.000000E+14 , 1.000000E-09 , 1.000000E+08 , 9.600000E-01 , 6.416368E+08
1.000000E+14 , 1.000000E-08 , 1.000000E+08 , 9.600000E-01 , 7.079680E+08
1.000000E+14 , 1.000000E-07 , 1.000000E+08 , 9.600000E-01 , 8.963680E+08
1.000000E+15 , 1.000000E-11 , 1.000000E+08 , 9.600000E-01 , 7.178963E+07
1.000000E+15 , 1.000000E-10 , 1.000000E+08 , 9.600000E-01 , 7.936227E+07
1.000000E+15 , 1.000000E-09 , 1.000000E+08 , 9.600000E-01 , 1.065598E+08
1.000000E+15 , 1.000000E-08 , 1.000000E+08 , 9.600000E-01 , 1.899923E+08
1.000000E+15 , 1.000000E-07 , 1.000000E+08 , 9.600000E-01 , 4.268826E+08
1.000000E+16 , 1.000000E-11 , 1.000000E+08 , 9.600000E-01 , 1.753567E+07
1.000000E+16 , 1.000000E-10 , 1.000000E+08 , 9.600000E-01 , 2.527983E+07
1.000000E+16 , 1.000000E-09 , 1.000000E+08 , 9.600000E-01 , 5.302183E+07
1.000000E+16 , 1.000000E-08 , 1.000000E+08 , 9.600000E-01 , 1.381419E+08
1.000000E+16 , 1.000000E-07 , 1.000000E+08 , 9.600000E-01 , 3.798505E+08
1.000000E+17 , 1.000000E-11 , 1.000000E+08 , 9.600000E-01 , 1.211025E+07
1.000000E+17 , 1.000000E-10 , 1.000000E+08 , 9.600000E-01 , 1.987153E+07
1.000000E+17 , 1.000000E-09 , 1.000000E+08 , 9.600000E-01 , 4.766788E+07
1.000000E+17 , 1.000000E-08 , 1.000000E+08 , 9.600000E-01 , 1.329565E+08
1.000000E+17 , 1.000000E-07 , 1.000000E+08 , 9.600000E-01 , 3.751466E+08
1.000000E+18 , 1.000000E-11 , 1.000000E+08 , 9.600000E-01 , 1.156770E+07
1.000000E+18 , 1.000000E-10 , 1.000000E+08 , 9.600000E-01 , 1.933070E+07
1.000000E+18 , 1.000000E-09 , 1.000000E+08 , 9.600000E-01 , 4.713249E+07
1.000000E+18 , 1.000000E-08 , 1.000000E+08 , 9.600000E-01 , 1.324380E+08
1.000000E+18 , 1.000000E-07 , 1.000000E+08 , 9.600000E-01 , 3.746762E+08
1.000000E+19 , 1.000000E-11 , 1.000000E+08 , 9.600000E-01 , 1.151345E+07
1.000000E+19 , 1.000000E-10 , 1.000000E+08 , 9.600000E-01 , 1.927661E+07
1.000000E+19 , 1.000000E-09 , 1.000000E+08 , 9.600000E-01 , 4.707895E+07
1.000000E+19 , 1.000000E-08 , 1.000000E+08 , 9.600000E-01 , 1.323861E+08
1.000000E+19 , 1.000000E-07 , 1.000000E+08 , 9.600000E-01 , 3.746292E+08
1.000000E+13 , 1.000000E-11 , 1.000000E+09 , 9.600000E-01 , 1.604344E+10
1.000000E+13 , 1.000000E-10 , 1.000000E+09 , 9.600000E-01 , 1.580963E+10
1.000000E+13 , 1.000000E-09 , 1.000000E+09 , 9.600000E-01 , 1.511333E+10
1.000000E+13 , 1.000000E-08 , 1.000000E+09 , 9.600000E-01 , 1.325991E+10
1.000000E+13 , 1.000000E-07 , 1.000000E+09 , 9.600000E-01 , 1.012678E+10
1.000000E+14 , 1.000000E-11 , 1.000000E+09 , 9.600000E-01 , 2.033823E+10
1.000000E+14 , 1.000000E-10 , 1.000000E+09 , 9.600000E-01 , 2.017605E+10
1.000000E+14 , 1.000000E-09 , 1.000000E+09 , 9.600000E-01 , 1.971918E+10
1.000000E+14 , 1.000000E-08 , 1.000000E+09 , 9.600000E-01 , 1.850972E+10
1.000000E+14 , 1.000000E-07 , 1.000000E+09 , 9.600000E-01 , 1.749988E+10
1.000000E+15 , 1.000000E-11 , 1.000000E+09 , 9.600000E-01 , 2.540056E+09
1.000000E+15 , 1.000000E-10 , 1.000000E+09 , 9.600000E-01 , 2.708038E+09
1.000000E+15 , 1.000000E-09 , 1.000000E+09 , 9.600000E-01 , 3.263088E+09
1.000000E+15 , 1.000000E-08 , 1.000000E+09 , 9.600000E-01 , 4.919513E+09
1.000000E+15 , 1.000000E-07 , 1.000000E+09 , 9.600000E-01 , 9.868902E+09
1.000000E+16 , 1.000000E-11 , 1.000000E+09 , 9.600000E-01 , 4.342417E+08
1.000000E+16 , 1.000000E-10 , 1.000000E+09 , 9.600000E-01 , 6.355552E+08
1.000000E+16 , 1.000000E-09 , 1.000000E+09 , 9.600000E-01 , 1.293070E+09
1.000000E+16 , 1.000000E-08 , 1.000000E+09 , 9.600000E-01 , 3.246003E+09
1.000000E+16 , 1.000000E-07 , 1.000000E+09 , 9.600000E-01 , 8.839435E+09
1.000000E+17 , 1.000000E-11 , 1.000000E+09 , 9.600000E-01 , 2.232426E+08
1.000000E+17 , 1.000000E-10 , 1.000000E+09 , 9.600000E-01 , 4.278355E+08
1.000000E+17 , 1.000000E-09 , 1.000000E+09 , 9.600000E-01 , 1.095436E+09
1.000000E+17 , 1.000000E-08 , 1.000000E+09 , 9.600000E-01 , 3.077629E+09
1.000000E+17 , 1.000000E-07 , 1.000000E+09 , 9.600000E-01 , 8.734986E+09
1.000000E+18 , 1.000000E-11 , 1.000000E+09 , 9.600000E-01 , 2.021418E+08
1.000000E+18 , 1.000000E-10 , 1.000000E+09 , 9.600000E-01 , 4.070621E+08
1.000000E+18 , 1.000000E-09 , 1.000000E+09 , 9.600000E-01 , 1.075669E+09
1.000000E+18 , 1.000000E-08 , 1.000000E+09 , 9.600000E-01 , 3.060784E+09
1.000000E+18 , 1.000000E-07 , 1.000000E+09 , 9.600000E-01 , 8.724528E+09
1.000000E+19 , 1.000000E-11 , 1.000000E+09 , 9.600000E-01 , 2.000318E+08
1.000000E+19 , 1.000000E-10 , 1.000000E+09 , 9.600000E-01 , 4.049848E+08
1.000000E+19 , 1.000000E-09 , 1.000000E+09 , 9.600000E-01 , 1.073693E+09
1.000000E+19 , 1.000000E-08 , 1.000000E+09 , 9.600000E-01 , 3.059099E+09
1.000000E+19 , 1.000000E-07 , 1.000000E+09 , 9.600000E-01 , 8.723482E+09
1.000000E+13 , 1.000000E-11 , 1.000000E+10 , 9.600000E-01 , 7.755395E+09
1.000000E+13 , 1.000000E-10 , 1.000000E+10 , 9.600000E-01 , 7.620777E+09
1.000000E+13 , 1.000000E-09 , 1.000000E+10 , 9.600000E-01 , 7.223897E+09
1.000000E+13 , 1.000000E-08 , 1.000000E+10 , 9.600000E-01 , 6.201333E+09
1.000000E+13 , 1.000000E-07 , 1.000000E+10 , 9.600000E-01 , 4.637407E+09
1.000000E+14 , 1.000000E-11 , 1.000000E+10 , 9.600000E-01 , 1.697025E+09
1.000000E+14 , 1.000000E-10 , 1.000000E+10 , 9.600000E-01 , 1.644776E+09
1.000000E+14 , 1.000000E-09 , 1.000000E+10 , 9.600000E-01 , 1.496120E+09
1.000000E+14 , 1.000000E-08 , 1.000000E+10 , 9.600000E-01 , 1.157857E+09
1.000000E+14 , 1.000000E-07 , 1.000000E+10 , 9.600000E-01 , 1.056176E+09
1.000000E+15 , 1.000000E-11 , 1.000000E+10 , 9.600000E-01 , 1.790092E+08
1.000000E+15 , 1.000000E-10 , 1.000000E+10 , 9.600000E-01 , 1.828644E+08
1.000000E+15 , 1.000000E-09 , 1.000000E+10 , 9.600000E-01 , 1.956069E+08
1.000000E+15 , 1.000000E-08 , 1.000000E+10 , 9.600000E-01 , 2.364457E+08
1.000000E+15 , 1.000000E-07 , 1.000000E+10 , 9.600000E-01 , 5.230895E+08
1.000000E+16 , 1.000000E-11 , 1.000000E+10 , 9.600000E-01 , 2.422184E+07
1.000000E+16 , 1.000000E-10 , 1.000000E+10 , 9.600000E-01 , 3.314964E+07
1.000000E+16 , 1.000000E-09 , 1.000000E+10 , 9.600000E-01 , 6.094796E+07
1.000000E+16 , 1.000000E-08 , 1.000000E+10 , 9.600000E-01 , 1.410455E+08
1.000000E+16 , 1.000000E-07 , 1.000000E+10 , 9.600000E-01 , 4.719422E+08
1.000000E+17 , 1.000000E-11 , 1.000000E+10 , 9.600000E-01 , 8.734336E+06
1.000000E+17 , 1.000000E-10 , 1.000000E+10 , 9.600000E-01 , 1.815697E+07
1.000000E+17 , 1.000000E-09 , 1.000000E+10 , 9.600000E-01 , 4.743114E+07
1.000000E+17 , 1.000000E-08 , 1.000000E+10 , 9.600000E-01 , 1.314385E+08
1.000000E+17 , 1.000000E-07 , 1.000000E+10 , 9.600000E-01 , 4.668543E+08
1.000000E+18 , 1.000000E-11 , 1.000000E+10 , 9.600000E-01 , 7.185520E+06
1.000000E+18 , 1.000000E-10 , 1.000000E+10 , 9.600000E-01 , 1.665750E+07
1.000000E+18 , 1.000000E-09 , 1.000000E+10 , 9.600000E-01 , 4.607895E+07
1.000000E+18 , 1.000000E-08 , 1.000000E+10 , 9.600000E-01 , 1.304771E+08
1.000000E+18 , 1.000000E-07 , 1.000000E+10 , 9.600000E-01 , 4.663458E+08
1.000000E+19 , 1.000000E-11 , 1.000000E+10 , 9.600000E-01 , 7.030638E+06
1.000000E+19 , 1.000000E-10 , 1.000000E+10 , 9.600000E-01 , 1.650756E+07
1.000000E+19 , 1.000000E-09 , 1.000000E+10 , 9.600000E-01 , 4.594373E+07
1.000000E+19 , 1.000000E-08 , 1.000000E+10 , 9.600000E-01 , 1.303809E+08
1.000000E+19 , 1.000000E-07 , 1.000000E+10 , 9.600000E-01 , 4.662950E+08
1.000000E+13 , 1.000000E-11 , 1.000000E+07 , 9.700000E-01 , 1.253786E+09
1.000000E+13 , 1.000000E-10 , 1.000000E+07 , 9.700000E-01 , 1.255141E+09
1.000000E+13 , 1.000000E-09 , 1.000000E+07 , 9.700000E-01 , 1.260794E+09
1.000000E+13 , 1.000000E-08 , 1.000000E+07 , 9.700000E-01 , 1.278447E+09
1.000000E+13 , 1.000000E-07 , 1.000000E+07 , 9.700000E-01 , 1.328717E+09
1.000000E+14 , 1.000000E-11 , 1.000000E+07 , 9.700000E-01 , 1.287968E+08
1.000000E+14 , 1.000000E-10 , 1.000000E+07 , 9.700000E-01 , 1.306331E+08
1.000000E+14 , 1.000000E-09 , 1.000000E+07 , 9.700000E-01 , 1.378391E+08
1.000000E+14 , 1.000000E-08 , 1.000000E+07 , 9.700000E-01 , 1.603722E+08
1.000000E+14 , 1.000000E-07 , 1.000000E+07 , 9.700000E-01 , 2.253109E+08
1.000000E+15 , 1.000000E-11 , 1.000000E+07 , 9.700000E-01 , 1.628586E+07
1.000000E+15 , 1.000000E-10 , 1.000000E+07 , 9.700000E-01 , 1.816947E+07
1.000000E+15 , 1.000000E-09 , 1.000000E+07 , 9.700000E-01 , 2.552809E+07
1.000000E+15 , 1.000000E-08 , 1.000000E+07 , 9.700000E-01 , 4.854191E+07
1.000000E+15 , 1.000000E-07 , 1.000000E+07 , 9.700000E-01 , 1.149336E+08
1.000000E+16 , 1.000000E-11 , 1.000000E+07 , 9.700000E-01 , 5.034753E+06
1.000000E+16 , 1.000000E-10 , 1.000000E+07 , 9.700000E-01 , 6.923082E+06
1.000000E+16 , 1.000000E-09 , 1.000000E+07 , 9.700000E-01 , 1.429693E+07
1.000000E+16 , 1.000000E-08 , 1.000000E+07 , 9.700000E-01 , 3.735875E+07
1.000000E+16 , 1.000000E-07 , 1.000000E+07 , 9.700000E-01 , 1.038956E+08
1.000000E+17 , 1.000000E-11 , 1.000000E+07 , 9.700000E-01 , 3.909642E+06
1.000000E+17 , 1.000000E-10 , 1.000000E+07 , 9.700000E-01 , 5.798442E+06
1.000000E+17 , 1.000000E-09 , 1.000000E+07 , 9.700000E-01 , 1.317381E+07
1.000000E+17 , 1.000000E-08 , 1.000000E+07 , 9.700000E-01 , 3.624044E+07
1.000000E+17 , 1.000000E-07 , 1.000000E+07 , 9.700000E-01 , 1.027918E+08
1.000000E+18 , 1.000000E-11 , 1.000000E+07 , 9.700000E-01 , 3.797131E+06
1.000000E+18 , 1.000000E-10 , 1.000000E+07 , 9.700000E-01 , 5.685979E+06
1.000000E+18 , 1.000000E-09 , 1.000000E+07 , 9.700000E-01 , 1.306150E+07
1.000000E+18 , 1.000000E-08 , 1.000000E+07 , 9.700000E-01 , 3.612861E+07
1.000000E+18 , 1.000000E-07 , 1.000000E+07 , 9.700000E-01 , 1.026814E+08
1.000000E+19 , 1.000000E-11 , 1.000000E+07 , 9.700000E-01 , 3.785880E+06
1.000000E+19 , 1.000000E-10 , 1.000000E+07 , 9.700000E-01 , 5.674732E+06
1.000000E+19 , 1.000000E-09 , 1.000000E+07 , 9.700000E-01 , 1.305027E+07
1.000000E+19 , 1.000000E-08 , 1.000000E+07 , 9.700000E-01 , 3.611742E+07
1.000000E+19 , 1.000000E-07 , 1.000000E+07 , 9.700000E-01 , 1.026704E+08
1.000000E+13 , 1.000000E-11 , 1.000000E+08 , 9.700000E-01 , 7.809054E+09
1.000000E+13 , 1.000000E-10 , 1.000000E+08 , 9.700000E-01 , 7.788802E+09
1.000000E+13 , 1.000000E-09 , 1.000000E+08 , 9.700000E-01 , 7.730892E+09
1.000000E+13 , 1.000000E-08 , 1.000000E+08 , 9.700000E-01 , 7.556914E+09
1.000000E+13 , 1.000000E-07 , 1.000000E+08 , 9.700000E-01 , 7.099916E+09
1.000000E+14 , 1.000000E-11 , 1.000000E+08 , 9.700000E-01 , 8.275221E+08
1.000000E+14 , 1.000000E-10 , 1.000000E+08 , 9.700000E-01 , 8.358130E+08
1.000000E+14 , 1.000000E-09 , 1.000000E+08 , 9.700000E-01 , 8.679462E+08
1.000000E+14 , 1.000000E-08 , 1.000000E+08 , 9.700000E-01 , 9.672876E+08
1.000000E+14 , 1.000000E-07 , 1.000000E+08 , 9.700000E-01 , 1.250907E+09
1.000000E+15 , 1.000000E-11 , 1.000000E+08 , 9.700000E-01 , 9.953758E+07
1.000000E+15 , 1.000000E-10 , 1.000000E+08 , 9.700000E-01 , 1.104413E+08
1.000000E+15 , 1.000000E-09 , 1.000000E+08 , 9.700000E-01 , 1.508723E+08
1.000000E+15 , 1.000000E-08 , 1.000000E+08 , 9.700000E-01 , 2.758535E+08
1.000000E+15 , 1.000000E-07 , 1.000000E+08 , 9.700000E-01 , 6.328516E+08
1.000000E+16 , 1.000000E-11 , 1.000000E+08 , 9.700000E-01 , 2.670551E+07
1.000000E+16 , 1.000000E-10 , 1.000000E+08 , 9.700000E-01 , 3.786622E+07
1.000000E+16 , 1.000000E-09 , 1.000000E+08 , 9.700000E-01 , 7.911418E+07
1.000000E+16 , 1.000000E-08 , 1.000000E+08 , 9.700000E-01 , 2.066251E+08
1.000000E+16 , 1.000000E-07 , 1.000000E+08 , 9.700000E-01 , 5.709084E+08
1.000000E+17 , 1.000000E-11 , 1.000000E+08 , 9.700000E-01 , 1.942225E+07
1.000000E+17 , 1.000000E-10 , 1.000000E+08 , 9.700000E-01 , 3.060862E+07
1.000000E+17 , 1.000000E-09 , 1.000000E+08 , 9.700000E-01 , 7.193814E+07
1.000000E+17 , 1.000000E-08 , 1.000000E+08 , 9.700000E-01 , 1.997017E+08
1.000000E+17 , 1.000000E-07 , 1.000000E+08 , 9.700000E-01 , 5.647129E+08
1.000000E+18 , 1.000000E-11 , 1.000000E+08 , 9.700000E-01 , 1.869393E+07
1.000000E+18 , 1.000000E-10 , 1.000000E+08 , 9.700000E-01 , 2.988286E+07
1.000000E+18 , 1.000000E-09 , 1.000000E+08 , 9.700000E-01 , 7.122053E+07
1.000000E+18 , 1.000000E-08 , 1.000000E+08 , 9.700000E-01 , 1.990093E+08
1.000000E+18 , 1.000000E-07 , 1.000000E+08 , 9.700000E-01 , 5.640933E+08
1.000000E+19 , 1.000000E-11 , 1.000000E+08 , 9.700000E-01 , 1.862109E+07
1.000000E+19 , 1.000000E-10 , 1.000000E+08 , 9.700000E-01 , 2.981028E+07
1.000000E+19 , 1.000000E-09 , 1.000000E+08 , 9.700000E-01 , 7.114877E+07
1.000000E+19 , 1.000000E-08 , 1.000000E+08 , 9.700000E-01 , 1.989401E+08
1.000000E+19 , 1.000000E-07 , 1.000000E+08 , 9.700000E-01 , 5.640314E+08
1.000000E+13 , 1.000000E-11 , 1.000000E+09 , 9.700000E-01 , 1.956632E+10
1.000000E+13 , 1.000000E-10 , 1.000000E+09 , 9.700000E-01 , 1.926634E+10
1.000000E+13 , 1.000000E-09 , 1.000000E+09 , 9.700000E-01 , 1.837288E+10
1.000000E+13 , 1.000000E-08 , 1.000000E+09 , 9.700000E-01 , 1.598843E+10
1.000000E+13 , 1.000000E-07 , 1.000000E+09 , 9.700000E-01 , 1.184530E+10
1.000000E+14 , 1.000000E-11 , 1.000000E+09 , 9.700000E-01 , 7.527646E+09
1.000000E+14 , 1.000000E-10 , 1.000000E+09 , 9.700000E-01 , 7.465058E+09
1.000000E+14 , 1.000000E-09 , 1.000000E+09 , 9.700000E-01 , 7.289880E+09
1.000000E+14 , 1.000000E-08 , 1.000000E+09 , 9.700000E-01 , 6.829724E+09
1.000000E+14 , 1.000000E-07 , 1.000000E+09 , 9.700000E-01 , 6.416030E+09
1.000000E+15 , 1.000000E-11 , 1.000000E+09 , 9.700000E-01 , 8.397270E+08
1.000000E+15 , 1.000000E-10 , 1.000000E+09 , 9.700000E-01 , 8.964275E+08
1.000000E+15 , 1.000000E-09 , 1.000000E+09 , 9.700000E-01 , 1.084770E+09
1.000000E+15 , 1.000000E-08 , 1.000000E+09 , 9.700000E-01 , 1.648552E+09
1.000000E+15 , 1.000000E-07 , 1.000000E+09 , 9.700000E-01 , 3.321479E+09
1.000000E+16 , 1.000000E-11 , 1.000000E+09 , 9.700000E-01 , 1.460489E+08
1.000000E+16 , 1.000000E-10 , 1.000000E+09 , 9.700000E-01 , 2.140535E+08
1.000000E+16 , 1.000000E-09 , 1.000000E+09 , 9.700000E-01 , 4.370789E+08
1.000000E+16 , 1.000000E-08 , 1.000000E+09 , 9.700000E-01 , 1.100916E+09
1.000000E+16 , 1.000000E-07 , 1.000000E+09 , 9.700000E-01 , 2.992487E+09
1.000000E+17 , 1.000000E-11 , 1.000000E+09 , 9.700000E-01 , 7.664958E+07
1.000000E+17 , 1.000000E-10 , 1.000000E+09 , 9.700000E-01 , 1.457732E+08
1.000000E+17 , 1.000000E-09 , 1.000000E+09 , 9.700000E-01 , 3.722347E+08
1.000000E+17 , 1.000000E-08 , 1.000000E+09 , 9.700000E-01 , 1.046010E+09
1.000000E+17 , 1.000000E-07 , 1.000000E+09 , 9.700000E-01 , 2.959477E+09
1.000000E+18 , 1.000000E-11 , 1.000000E+09 , 9.700000E-01 , 6.970956E+07
1.000000E+18 , 1.000000E-10 , 1.000000E+09 , 9.700000E-01 , 1.389449E+08
1.000000E+18 , 1.000000E-09 , 1.000000E+09 , 9.700000E-01 , 3.657497E+08
1.000000E+18 , 1.000000E-08 , 1.000000E+09 , 9.700000E-01 , 1.040518E+09
1.000000E+18 , 1.000000E-07 , 1.000000E+09 , 9.700000E-01 , 2.956175E+09
1.000000E+19 , 1.000000E-11 , 1.000000E+09 , 9.700000E-01 , 6.901556E+07
1.000000E+19 , 1.000000E-10 , 1.000000E+09 , 9.700000E-01 , 1.382621E+08
1.000000E+19 , 1.000000E-09 , 1.000000E+09 , 9.700000E-01 , 3.651012E+08
1.000000E+19 , 1.000000E-08 , 1.000000E+09 , 9.700000E-01 , 1.039969E+09
1.000000E+19 , 1.000000E-07 , 1.000000E+09 , 9.700000E-01 , 2.955845E+09
1.000000E+13 , 1.000000E-11 , 1.000000E+10 , 9.700000E-01 , 9.152619E+09
1.000000E+13 , 1.000000E-10 , 1.000000E+10 , 9.700000E-01 , 8.985879E+09
1.000000E+13 , 1.000000E-09 , 1.000000E+10 , 9.700000E-01 , 8.493701E+09
1.000000E+13 , 1.000000E-08 , 1.000000E+10 , 9.700000E-01 , 7.219819E+09
1.000000E+13 , 1.000000E-07 , 1.000000E+10 , 9.700000E-01 , 5.203219E+09
1.000000E+14 , 1.000000E-11 , 1.000000E+10 , 9.700000E-01 , 1.514878E+09
1.000000E+14 , 1.000000E-10 , 1.000000E+10 , 9.700000E-01 , 1.467844E+09
1.000000E+14 , 1.000000E-09 , 1.000000E+10 , 9.700000E-01 , 1.334129E+09
1.000000E+14 , 1.000000E-08 , 1.000000E+10 , 9.700000E-01 , 1.030292E+09
1.000000E+14 , 1.000000E-07 , 1.000000E+10 , 9.700000E-01 , 9.343619E+08
1.000000E+15 , 1.000000E-11 , 1.000000E+10 , 9.700000E-01 , 1.585687E+08
1.000000E+15 , 1.000000E-10 , 1.000000E+10 , 9.700000E-01 , 1.619742E+08
1.000000E+15 , 1.000000E-09 , 1.000000E+10 , 9.700000E-01 , 1.732613E+08
1.000000E+15 , 1.000000E-08 , 1.000000E+10 , 9.700000E-01 , 2.095611E+08
1.000000E+15 , 1.000000E-07 , 1.000000E+10 , 9.700000E-01 , 4.629426E+08
1.000000E+16 , 1.000000E-11 , 1.000000E+10 , 9.700000E-01 , 2.149561E+07
1.000000E+16 , 1.000000E-10 , 1.000000E+10 , 9.700000E-01 , 2.944070E+07
1.000000E+16 , 1.000000E-09 , 1.000000E+10 , 9.700000E-01 , 5.419154E+07
1.000000E+16 , 1.000000E-08 , 1.000000E+10 , 9.700000E-01 , 1.255428E+08
1.000000E+16 , 1.000000E-07 , 1.000000E+10 , 9.700000E-01 , 4.185749E+08
1.000000E+17 , 1.000000E-11 , 1.000000E+10 , 9.700000E-01 , 7.781899E+06
1.000000E+17 , 1.000000E-10 , 1.000000E+10 , 9.700000E-01 , 1.617015E+07
1.000000E+17 , 1.000000E-09 , 1.000000E+10 , 9.700000E-01 , 4.224170E+07
1.000000E+17 , 1.000000E-08 , 1.000000E+10 , 9.700000E-01 , 1.170858E+08
1.000000E+17 , 1.000000E-07 , 1.000000E+10 , 9.700000E-01 , 4.141683E+08
1.000000E+18 , 1.000000E-11 , 1.000000E+10 , 9.700000E-01 , 6.410472E+06
1.000000E+18 , 1.000000E-10 , 1.000000E+10 , 9.700000E-01 , 1.484293E+07
1.000000E+18 , 1.000000E-09 , 1.000000E+10 , 9.700000E-01 , 4.104627E+07
1.000000E+18 , 1.000000E-08 , 1.000000E+10 , 9.700000E-01 , 1.162395E+08
1.000000E+18 , 1.000000E-07 , 1.000000E+10 , 9.700000E-01 , 4.137280E+08
1.000000E+19 , 1.000000E-11 , 1.000000E+10 , 9.700000E-01 , 6.273329E+06
1.000000E+19 , 1.000000E-10 , 1.000000E+10 , 9.700000E-01 , 1.471021E+07
1.000000E+19 , 1.000000E-09 , 1.000000E+10 , 9.700000E-01 , 4.092673E+07
1.000000E+19 , 1.000000E-08 , 1.000000E+10 , 9.700000E-01 , 1.161548E+08
1.000000E+19 , 1.000000E-07 , 1.000000E+10 , 9.700000E-01 , 4.136840E+08
1.000000E+13 , 1.000000E-11 , 1.000000E+07 , 9.800000E-01 , 1.339511E+09
1.000000E+13 , 1.000000E-10 , 1.000000E+07 , 9.800000E-01 , 1.341027E+09
1.000000E+13 , 1.000000E-09 , 1.000000E+07 , 9.800000E-01 , 1.348225E+09
1.000000E+13 , 1.000000E-08 , 1.000000E+07 , 9.800000E-01 , 1.371196E+09
1.000000E+13 , 1.000000E-07 , 1.000000E+07 , 9.800000E-01 , 1.437488E+09
1.000000E+14 , 1.000000E-11 , 1.000000E+07 , 9.800000E-01 , 1.391955E+08
1.000000E+14 , 1.000000E-10 , 1.000000E+07 , 9.800000E-01 , 1.413324E+08
1.000000E+14 , 1.000000E-09 , 1.000000E+07 , 9.800000E-01 , 1.505555E+08
1.000000E+14 , 1.000000E-08 , 1.000000E+07 , 9.800000E-01 , 1.799058E+08
1.000000E+14 , 1.000000E-07 , 1.000000E+07 , 9.800000E-01 , 2.656246E+08
1.000000E+15 , 1.000000E-11 , 1.000000E+07 , 9.800000E-01 , 1.914817E+07
1.000000E+15 , 1.000000E-10 , 1.000000E+07 , 9.800000E-01 , 2.134602E+07
1.000000E+15 , 1.000000E-09 , 1.000000E+07 , 9.800000E-01 , 3.076813E+07
1.000000E+15 , 1.000000E-08 , 1.000000E+07 , 9.800000E-01 , 6.074657E+07
1.000000E+15 , 1.000000E-07 , 1.000000E+07 , 9.800000E-01 , 1.483873E+08
1.000000E+16 , 1.000000E-11 , 1.000000E+07 , 9.800000E-01 , 7.143416E+06
1.000000E+16 , 1.000000E-10 , 1.000000E+07 , 9.800000E-01 , 9.347348E+06
1.000000E+16 , 1.000000E-09 , 1.000000E+07 , 9.800000E-01 , 1.878933E+07
1.000000E+16 , 1.000000E-08 , 1.000000E+07 , 9.800000E-01 , 4.883047E+07
1.000000E+16 , 1.000000E-07 , 1.000000E+07 , 9.800000E-01 , 1.366632E+08
1.000000E+17 , 1.000000E-11 , 1.000000E+07 , 9.800000E-01 , 5.942940E+06
1.000000E+17 , 1.000000E-10 , 1.000000E+07 , 9.800000E-01 , 8.147481E+06
1.000000E+17 , 1.000000E-09 , 1.000000E+07 , 9.800000E-01 , 1.759145E+07
1.000000E+17 , 1.000000E-08 , 1.000000E+07 , 9.800000E-01 , 4.763886E+07
1.000000E+17 , 1.000000E-07 , 1.000000E+07 , 9.800000E-01 , 1.354908E+08
1.000000E+18 , 1.000000E-11 , 1.000000E+07 , 9.800000E-01 , 5.822892E+06
1.000000E+18 , 1.000000E-10 , 1.000000E+07 , 9.800000E-01 , 8.027494E+06
1.000000E+18 , 1.000000E-09 , 1.000000E+07 , 9.800000E-01 , 1.747166E+07
1.000000E+18 , 1.000000E-08 , 1.000000E+07 , 9.800000E-01 , 4.751970E+07
1.000000E+18 , 1.000000E-07 , 1.000000E+07 , 9.800000E-01 , 1.353735E+08
1.000000E+19 , 1.000000E-11 , 1.000000E+07 , 9.800000E-01 , 5.810887E+06
1.000000E+19 , 1.000000E-10 , 1.000000E+07 , 9.800000E-01 , 8.015495E+06
1.000000E+19 , 1.000000E-09 , 1.000000E+07 , 9.800000E-01 , 1.745968E+07
1.000000E+19 , 1.000000E-08 , 1.000000E+07 , 9.800000E-01 , 4.750779E+07
1.000000E+19 , 1.000000E-07 , 1.000000E+07 , 9.800000E-01 , 1.353618E+08
1.000000E+13 , 1.000000E-11 , 1.000000E+08 , 9.800000E-01 , 1.372318E+10
1.000000E+13 , 1.000000E-10 , 1.000000E+08 , 9.800000E-01 , 1.368157E+10
1.000000E+13 , 1.000000E-09 , 1.000000E+08 , 9.800000E-01 , 1.356500E+10
1.000000E+13 , 1.000000E-08 , 1.000000E+08 , 9.800000E-01 , 1.321698E+10
1.000000E+13 , 1.000000E-07 , 1.000000E+08 , 9.800000E-01 , 1.228949E+10
1.000000E+14 , 1.000000E-11 , 1.000000E+08 , 9.800000E-01 , 1.495371E+09
1.000000E+14 , 1.000000E-10 , 1.000000E+08 , 9.800000E-01 , 1.511191E+09
1.000000E+14 , 1.000000E-09 , 1.000000E+08 , 9.800000E-01 , 1.576607E+09
1.000000E+14 , 1.000000E-08 , 1.000000E+08 , 9.800000E-01 , 1.781582E+09
1.000000E+14 , 1.000000E-07 , 1.000000E+08 , 9.800000E-01 , 2.372279E+09
1.000000E+15 , 1.000000E-11 , 1.000000E+08 , 9.800000E-01 , 1.879340E+08
1.000000E+15 , 1.000000E-10 , 1.000000E+08 , 9.800000E-01 , 2.091258E+08
1.000000E+15 , 1.000000E-09 , 1.000000E+08 , 9.800000E-01 , 2.916348E+08
1.000000E+15 , 1.000000E-08 , 1.000000E+08 , 9.800000E-01 , 5.493421E+08
1.000000E+15 , 1.000000E-07 , 1.000000E+08 , 9.800000E-01 , 1.291831E+09
1.000000E+16 , 1.000000E-11 , 1.000000E+08 , 9.800000E-01 , 5.709426E+07
1.000000E+16 , 1.000000E-10 , 1.000000E+08 , 9.800000E-01 , 7.881455E+07
1.000000E+16 , 1.000000E-09 , 1.000000E+08 , 9.800000E-01 , 1.630063E+08
1.000000E+16 , 1.000000E-08 , 1.000000E+08 , 9.800000E-01 , 4.259140E+08
1.000000E+16 , 1.000000E-07 , 1.000000E+08 , 9.800000E-01 , 1.183456E+09
1.000000E+17 , 1.000000E-11 , 1.000000E+08 , 9.800000E-01 , 4.401013E+07
1.000000E+17 , 1.000000E-10 , 1.000000E+08 , 9.800000E-01 , 6.578319E+07
1.000000E+17 , 1.000000E-09 , 1.000000E+08 , 9.800000E-01 , 1.501429E+08
1.000000E+17 , 1.000000E-08 , 1.000000E+08 , 9.800000E-01 , 4.135699E+08
1.000000E+17 , 1.000000E-07 , 1.000000E+08 , 9.800000E-01 , 1.172616E+09
1.000000E+18 , 1.000000E-11 , 1.000000E+08 , 9.800000E-01 , 4.270172E+07
1.000000E+18 , 1.000000E-10 , 1.000000E+08 , 9.800000E-01 , 6.448005E+07
1.000000E+18 , 1.000000E-09 , 1.000000E+08 , 9.800000E-01 , 1.488566E+08
1.000000E+18 , 1.000000E-08 , 1.000000E+08 , 9.800000E-01 , 4.123355E+08
1.000000E+18 , 1.000000E-07 , 1.000000E+08 , 9.800000E-01 , 1.171531E+09
1.000000E+19 , 1.000000E-11 , 1.000000E+08 , 9.800000E-01 , 4.257088E+07
1.000000E+19 , 1.000000E-10 , 1.000000E+08 , 9.800000E-01 , 6.434974E+07
1.000000E+19 , 1.000000E-09 , 1.000000E+08 , 9.800000E-01 , 1.487279E+08
1.000000E+19 , 1.000000E-08 , 1.000000E+08 , 9.800000E-01 , 4.122120E+08
1.000000E+19 , 1.000000E-07 , 1.000000E+08 , 9.800000E-01 , 1.171423E+09
1.000000E+13 , 1.000000E-11 , 1.000000E+09 , 9.800000E-01 , 2.087501E+10
1.000000E+13 , 1.000000E-10 , 1.000000E+09 , 9.800000E-01 , 2.053935E+10
1.000000E+13 , 1.000000E-09 , 1.000000E+09 , 9.800000E-01 , 1.953984E+10
1.000000E+13 , 1.000000E-08 , 1.000000E+09 , 9.800000E-01 , 1.686820E+10
1.000000E+13 , 1.000000E-07 , 1.000000E+09 , 9.800000E-01 , 1.212403E+10
1.000000E+14 , 1.000000E-11 , 1.000000E+09 , 9.800000E-01 , 3.515352E+09
1.000000E+14 , 1.000000E-10 , 1.000000E+09 , 9.800000E-01 , 3.484867E+09
1.000000E+14 , 1.000000E-09 , 1.000000E+09 , 9.800000E-01 , 3.400174E+09
1.000000E+14 , 1.000000E-08 , 1.000000E+09 , 9.800000E-01 , 3.179758E+09
1.000000E+14 , 1.000000E-07 , 1.000000E+09 , 9.800000E-01 , 2.971129E+09
1.000000E+15 , 1.000000E-11 , 1.000000E+09 , 9.800000E-01 , 3.839480E+08
1.000000E+15 , 1.000000E-10 , 1.000000E+09 , 9.800000E-01 , 4.104424E+08
1.000000E+15 , 1.000000E-09 , 1.000000E+09 , 9.800000E-01 , 4.989677E+08
1.000000E+15 , 1.000000E-08 , 1.000000E+09 , 9.800000E-01 , 7.648310E+08
1.000000E+15 , 1.000000E-07 , 1.000000E+09 , 9.800000E-01 , 1.549320E+09
1.000000E+16 , 1.000000E-11 , 1.000000E+09 , 9.800000E-01 , 6.812552E+07
1.000000E+16 , 1.000000E-10 , 1.000000E+09 , 9.800000E-01 , 9.996063E+07
1.000000E+16 , 1.000000E-09 , 1.000000E+09 , 9.800000E-01 , 2.048433E+08
1.000000E+16 , 1.000000E-08 , 1.000000E+09 , 9.800000E-01 , 5.177340E+08
1.000000E+16 , 1.000000E-07 , 1.000000E+09 , 9.800000E-01 , 1.405648E+09
1.000000E+17 , 1.000000E-11 , 1.000000E+09 , 9.800000E-01 , 3.653862E+07
1.000000E+17 , 1.000000E-10 , 1.000000E+09 , 9.800000E-01 , 6.890326E+07
1.000000E+17 , 1.000000E-09 , 1.000000E+09 , 9.800000E-01 , 1.754091E+08
1.000000E+17 , 1.000000E-08 , 1.000000E+09 , 9.800000E-01 , 4.929788E+08
1.000000E+17 , 1.000000E-07 , 1.000000E+09 , 9.800000E-01 , 1.391270E+09
1.000000E+18 , 1.000000E-11 , 1.000000E+09 , 9.800000E-01 , 3.337990E+07
1.000000E+18 , 1.000000E-10 , 1.000000E+09 , 9.800000E-01 , 6.579745E+07
1.000000E+18 , 1.000000E-09 , 1.000000E+09 , 9.800000E-01 , 1.724655E+08
1.000000E+18 , 1.000000E-08 , 1.000000E+09 , 9.800000E-01 , 4.905028E+08
1.000000E+18 , 1.000000E-07 , 1.000000E+09 , 9.800000E-01 , 1.389832E+09
1.000000E+19 , 1.000000E-11 , 1.000000E+09 , 9.800000E-01 , 3.306403E+07
1.000000E+19 , 1.000000E-10 , 1.000000E+09 , 9.800000E-01 , 6.548687E+07
1.000000E+19 , 1.000000E-09 , 1.000000E+09 , 9.800000E-01 , 1.721711E+08
1.000000E+19 , 1.000000E-08 , 1.000000E+09 , 9.800000E-01 , 4.902552E+08
1.000000E+19 , 1.000000E-07 , 1.000000E+09 , 9.800000E-01 , 1.389688E+09
1.000000E+13 , 1.000000E-11 , 1.000000E+10 , 9.800000E-01 , 1.060775E+10
1.000000E+13 , 1.000000E-10 , 1.000000E+10 , 9.800000E-01 , 1.040662E+10
1.000000E+13 , 1.000000E-09 , 1.000000E+10 , 9.800000E-01 , 9.812450E+09
1.000000E+13 , 1.000000E-08 , 1.000000E+10 , 9.800000E-01 , 8.269861E+09
1.000000E+13 , 1.000000E-07 , 1.000000E+10 , 9.800000E-01 , 5.766211E+09
1.000000E+14 , 1.000000E-11 , 1.000000E+10 , 9.800000E-01 , 1.355107E+09
1.000000E+14 , 1.000000E-10 , 1.000000E+10 , 9.800000E-01 , 1.312694E+09
1.000000E+14 , 1.000000E-09 , 1.000000E+10 , 9.800000E-01 , 1.192218E+09
1.000000E+14 , 1.000000E-08 , 1.000000E+10 , 9.800000E-01 , 9.188809E+08
1.000000E+14 , 1.000000E-07 , 1.000000E+10 , 9.800000E-01 , 8.286959E+08
1.000000E+15 , 1.000000E-11 , 1.000000E+10 , 9.800000E-01 , 1.412063E+08
1.000000E+15 , 1.000000E-10 , 1.000000E+10 , 9.800000E-01 , 1.442307E+08
1.000000E+15 , 1.000000E-09 , 1.000000E+10 , 9.800000E-01 , 1.542829E+08
1.000000E+15 , 1.000000E-08 , 1.000000E+10 , 9.800000E-01 , 1.867256E+08
1.000000E+15 , 1.000000E-07 , 1.000000E+10 , 9.800000E-01 , 4.119049E+08
1.000000E+16 , 1.000000E-11 , 1.000000E+10 , 9.800000E-01 , 1.917829E+07
1.000000E+16 , 1.000000E-10 , 1.000000E+10 , 9.800000E-01 , 2.628665E+07
1.000000E+16 , 1.000000E-09 , 1.000000E+10 , 9.800000E-01 , 4.844205E+07
1.000000E+16 , 1.000000E-08 , 1.000000E+10 , 9.800000E-01 , 1.123426E+08
1.000000E+16 , 1.000000E-07 , 1.000000E+10 , 9.800000E-01 , 3.732346E+08
1.000000E+17 , 1.000000E-11 , 1.000000E+10 , 9.800000E-01 , 6.970536E+06
1.000000E+17 , 1.000000E-10 , 1.000000E+10 , 9.800000E-01 , 1.447787E+07
1.000000E+17 , 1.000000E-09 , 1.000000E+10 , 9.800000E-01 , 3.782133E+07
1.000000E+17 , 1.000000E-08 , 1.000000E+10 , 9.800000E-01 , 1.048584E+08
1.000000E+17 , 1.000000E-07 , 1.000000E+10 , 9.800000E-01 , 3.693992E+08
1.000000E+18 , 1.000000E-11 , 1.000000E+10 , 9.800000E-01 , 5.749713E+06
1.000000E+18 , 1.000000E-10 , 1.000000E+10 , 9.800000E-01 , 1.329685E+07
1.000000E+18 , 1.000000E-09 , 1.000000E+10 , 9.800000E-01 , 3.675887E+07
1.000000E+18 , 1.000000E-08 , 1.000000E+10 , 9.800000E-01 , 1.041095E+08
1.000000E+18 , 1.000000E-07 , 1.000000E+10 , 9.800000E-01 , 3.690160E+08
1.000000E+19 , 1.000000E-11 , 1.000000E+10 , 9.800000E-01 , 5.627630E+06
1.000000E+19 , 1.000000E-10 , 1.000000E+10 , 9.800000E-01 , 1.317874E+07
1.000000E+19 , 1.000000E-09 , 1.000000E+10 , 9.800000E-01 , 3.665262E+07
1.000000E+19 , 1.000000E-08 , 1.000000E+10 , 9.800000E-01 , 1.040346E+08
1.000000E+19 , 1.000000E-07 , 1.000000E+10 , 9.800000E-01 , 3.689776E+08
1.000000E+13 , 1.000000E-11 , 1.000000E+07 , 9.900000E-01 , 1.627452E+09
1.000000E+13 , 1.000000E-10 , 1.000000E+07 , 9.900000E-01 , 1.629180E+09
1.000000E+13 , 1.000000E-09 , 1.000000E+07 , 9.900000E-01 , 1.640645E+09
1.000000E+13 , 1.000000E-08 , 1.000000E+07 , 9.900000E-01 , 1.679097E+09
1.000000E+13 , 1.000000E-07 , 1.000000E+07 , 9.900000E-01 , 1.792893E+09
1.000000E+14 , 1.000000E-11 , 1.000000E+07 , 9.900000E-01 , 1.745020E+08
1.000000E+14 , 1.000000E-10 , 1.000000E+07 , 9.900000E-01 , 1.772342E+08
1.000000E+14 , 1.000000E-09 , 1.000000E+07 , 9.900000E-01 , 1.920817E+08
1.000000E+14 , 1.000000E-08 , 1.000000E+07 , 9.900000E-01 , 2.412165E+08
1.000000E+14 , 1.000000E-07 , 1.000000E+07 , 9.900000E-01 , 3.879107E+08
1.000000E+15 , 1.000000E-11 , 1.000000E+07 , 9.900000E-01 , 2.917757E+07
1.000000E+15 , 1.000000E-10 , 1.000000E+07 , 9.900000E-01 , 3.200818E+07
1.000000E+15 , 1.000000E-09 , 1.000000E+07 , 9.900000E-01 , 4.718814E+07
1.000000E+15 , 1.000000E-08 , 1.000000E+07 , 9.900000E-01 , 9.737437E+07
1.000000E+15 , 1.000000E-07 , 1.000000E+07 , 9.900000E-01 , 2.473180E+08
1.000000E+16 , 1.000000E-11 , 1.000000E+07 , 9.900000E-01 , 1.464508E+07
1.000000E+16 , 1.000000E-10 , 1.000000E+07 , 9.900000E-01 , 1.748552E+07
1.000000E+16 , 1.000000E-09 , 1.000000E+07 , 9.900000E-01 , 3.269867E+07
1.000000E+16 , 1.000000E-08 , 1.000000E+07 , 9.900000E-01 , 8.298986E+07
1.000000E+16 , 1.000000E-07 , 1.000000E+07 , 9.900000E-01 , 2.332580E+08
1.000000E+17 , 1.000000E-11 , 1.000000E+07 , 9.900000E-01 , 1.319183E+07
1.000000E+17 , 1.000000E-10 , 1.000000E+07 , 9.900000E-01 , 1.603326E+07
1.000000E+17 , 1.000000E-09 , 1.000000E+07 , 9.900000E-01 , 3.124972E+07
1.000000E+17 , 1.000000E-08 , 1.000000E+07 , 9.900000E-01 , 8.155141E+07
1.000000E+17 , 1.000000E-07 , 1.000000E+07 , 9.900000E-01 , 2.318520E+08
1.000000E+18 , 1.000000E-11 , 1.000000E+07 , 9.900000E-01 , 1.304651E+07
1.000000E+18 , 1.000000E-10 , 1.000000E+07 , 9.900000E-01 , 1.588803E+07
1.000000E+18 , 1.000000E-09 , 1.000000E+07 , 9.900000E-01 , 3.110483E+07
1.000000E+18 , 1.000000E-08 , 1.000000E+07 , 9.900000E-01 , 8.140756E+07
1.000000E+18 , 1.000000E-07 , 1.000000E+07 , 9.900000E-01 , 2.317114E+08
1.000000E+19 , 1.000000E-11 , 1.000000E+07 , 9.900000E-01 , 1.303197E+07
1.000000E+19 , 1.000000E-10 , 1.000000E+07 , 9.900000E-01 , 1.587351E+07
1.000000E+19 , 1.000000E-09 , 1.000000E+07 , 9.900000E-01 , 3.109034E+07
1.000000E+19 , 1.000000E-08 , 1.000000E+07 , 9.900000E-01 , 8.139318E+07
1.000000E+19 , 1.000000E-07 , 1.000000E+07 , 9.900000E-01 , 2.316973E+08
1.000000E+13 , 1.000000E-11 , 1.000000E+08 , 9.900000E-01 , 8.448521E+10
1.000000E+13 , 1.000000E-10 , 1.000000E+08 , 9.900000E-01 , 8.417112E+10
1.000000E+13 , 1.000000E-09 , 1.000000E+08 , 9.900000E-01 , 8.332008E+10
1.000000E+13 , 1.000000E-08 , 1.000000E+08 , 9.900000E-01 , 8.081323E+10
1.000000E+13 , 1.000000E-07 , 1.000000E+08 , 9.900000E-01 , 7.412788E+10
1.000000E+14 , 1.000000E-11 , 1.000000E+08 , 9.900000E-01 , 1.116548E+10
1.000000E+14 , 1.000000E-10 , 1.000000E+08 , 9.900000E-01 , 1.128860E+10
1.000000E+14 , 1.000000E-09 , 1.000000E+08 , 9.900000E-01 , 1.185987E+10
1.000000E+14 , 1.000000E-08 , 1.000000E+08 , 9.900000E-01 , 1.368807E+10
1.000000E+14 , 1.000000E-07 , 1.000000E+08 , 9.900000E-01 , 1.904165E+10
1.000000E+15 , 1.000000E-11 , 1.000000E+08 , 9.900000E-01 , 1.516469E+09
1.000000E+15 , 1.000000E-10 , 1.000000E+08 , 9.900000E-01 , 1.687206E+09
1.000000E+15 , 1.000000E-09 , 1.000000E+08 , 9.900000E-01 , 2.410882E+09
1.000000E+15 , 1.000000E-08 , 1.000000E+08 , 9.900000E-01 , 4.707589E+09
1.000000E+15 , 1.000000E-07 , 1.000000E+08 , 9.900000E-01 , 1.140868E+10
1.000000E+16 , 1.000000E-11 , 1.000000E+08 , 9.900000E-01 , 5.484659E+08
1.000000E+16 , 1.000000E-10 , 1.000000E+08 , 9.900000E-01 , 7.238735E+08
1.000000E+16 , 1.000000E-09 , 1.000000E+08 , 9.900000E-01 , 1.462468E+09
1.000000E+16 , 1.000000E-08 , 1.000000E+08 , 9.900000E-01 , 3.805088E+09
1.000000E+16 , 1.000000E-07 , 1.000000E+08 , 9.900000E-01 , 1.063881E+10
1.000000E+17 , 1.000000E-11 , 1.000000E+08 , 9.900000E-01 , 4.516613E+08
1.000000E+17 , 1.000000E-10 , 1.000000E+08 , 9.900000E-01 , 6.275349E+08
1.000000E+17 , 1.000000E-09 , 1.000000E+08 , 9.900000E-01 , 1.367618E+09
1.000000E+17 , 1.000000E-08 , 1.000000E+08 , 9.900000E-01 , 3.714818E+09
1.000000E+17 , 1.000000E-07 , 1.000000E+08 , 9.900000E-01 , 1.056178E+10
1.000000E+18 , 1.000000E-11 , 1.000000E+08 , 9.900000E-01 , 4.419808E+08
1.000000E+18 , 1.000000E-10 , 1.000000E+08 , 9.900000E-01 , 6.179011E+08
1.000000E+18 , 1.000000E-09 , 1.000000E+08 , 9.900000E-01 , 1.358133E+09
1.000000E+18 , 1.000000E-08 , 1.000000E+08 , 9.900000E-01 , 3.705791E+09
1.000000E+18 , 1.000000E-07 , 1.000000E+08 , 9.900000E-01 , 1.055407E+10
1.000000E+19 , 1.000000E-11 , 1.000000E+08 , 9.900000E-01 , 4.410127E+08
1.000000E+19 , 1.000000E-10 , 1.000000E+08 , 9.900000E-01 , 6.169377E+08
1.000000E+19 , 1.000000E-09 , 1.000000E+08 , 9.900000E-01 , 1.357184E+09
1.000000E+19 , 1.000000E-08 , 1.000000E+08 , 9.900000E-01 , 3.704888E+09
1.000000E+19 , 1.000000E-07 , 1.000000E+08 , 9.900000E-01 , 1.055330E+10
1.000000E+13 , 1.000000E-11 , 1.000000E+09 , 9.900000E-01 , 1.699075E+10
1.000000E+13 , 1.000000E-10 , 1.000000E+09 , 9.900000E-01 , 1.670598E+10
1.000000E+13 , 1.000000E-09 , 1.000000E+09 , 9.900000E-01 , 1.585870E+10
1.000000E+13 , 1.000000E-08 , 1.000000E+09 , 9.900000E-01 , 1.359379E+10
1.000000E+13 , 1.000000E-07 , 1.000000E+09 , 9.900000E-01 , 9.513480E+09
1.000000E+14 , 1.000000E-11 , 1.000000E+09 , 9.900000E-01 , 1.883274E+09
1.000000E+14 , 1.000000E-10 , 1.000000E+09 , 9.900000E-01 , 1.866234E+09
1.000000E+14 , 1.000000E-09 , 1.000000E+09 , 9.900000E-01 , 1.819303E+09
1.000000E+14 , 1.000000E-08 , 1.000000E+09 , 9.900000E-01 , 1.698520E+09
1.000000E+14 , 1.000000E-07 , 1.000000E+09 , 9.900000E-01 , 1.580835E+09
1.000000E+15 , 1.000000E-11 , 1.000000E+09 , 9.900000E-01 , 2.053200E+08
1.000000E+15 , 1.000000E-10 , 1.000000E+09 , 9.900000E-01 , 2.198136E+08
1.000000E+15 , 1.000000E-09 , 1.000000E+09 , 9.900000E-01 , 2.685612E+08
1.000000E+15 , 1.000000E-08 , 1.000000E+09 , 9.900000E-01 , 4.154839E+08
1.000000E+15 , 1.000000E-07 , 1.000000E+09 , 9.900000E-01 , 8.471989E+08
1.000000E+16 , 1.000000E-11 , 1.000000E+09 , 9.900000E-01 , 3.724886E+07
1.000000E+16 , 1.000000E-10 , 1.000000E+09 , 9.900000E-01 , 5.470026E+07
1.000000E+16 , 1.000000E-09 , 1.000000E+09 , 9.900000E-01 , 1.124893E+08
1.000000E+16 , 1.000000E-08 , 1.000000E+09 , 9.900000E-01 , 2.853044E+08
1.000000E+16 , 1.000000E-07 , 1.000000E+09 , 9.900000E-01 , 7.742191E+08
1.000000E+17 , 1.000000E-11 , 1.000000E+09 , 9.900000E-01 , 2.044055E+07
1.000000E+17 , 1.000000E-10 , 1.000000E+09 , 9.900000E-01 , 3.818546E+07
1.000000E+17 , 1.000000E-09 , 1.000000E+09 , 9.900000E-01 , 9.687245E+07
1.000000E+17 , 1.000000E-08 , 1.000000E+09 , 9.900000E-01 , 2.722655E+08
1.000000E+17 , 1.000000E-07 , 1.000000E+09 , 9.900000E-01 , 7.669226E+08
1.000000E+18 , 1.000000E-11 , 1.000000E+09 , 9.900000E-01 , 1.875971E+07
1.000000E+18 , 1.000000E-10 , 1.000000E+09 , 9.900000E-01 , 3.653395E+07
1.000000E+18 , 1.000000E-09 , 1.000000E+09 , 9.900000E-01 , 9.531067E+07
1.000000E+18 , 1.000000E-08 , 1.000000E+09 , 9.900000E-01 , 2.709614E+08
1.000000E+18 , 1.000000E-07 , 1.000000E+09 , 9.900000E-01 , 7.661930E+08
1.000000E+19 , 1.000000E-11 , 1.000000E+09 , 9.900000E-01 , 1.859163E+07
1.000000E+19 , 1.000000E-10 , 1.000000E+09 , 9.900000E-01 , 3.636880E+07
1.000000E+19 , 1.000000E-09 , 1.000000E+09 , 9.900000E-01 , 9.515449E+07
1.000000E+19 , 1.000000E-08 , 1.000000E+09 , 9.900000E-01 , 2.708310E+08
1.000000E+19 , 1.000000E-07 , 1.000000E+09 , 9.900000E-01 , 7.661200E+08
1.000000E+13 , 1.000000E-11 , 1.000000E+10 , 9.900000E-01 , 1.145155E+10
1.000000E+13 , 1.000000E-10 , 1.000000E+10 , 9.900000E-01 , 1.122818E+10
1.000000E+13 , 1.000000E-09 , 1.000000E+10 , 9.900000E-01 , 1.056806E+10
1.000000E+13 , 1.000000E-08 , 1.000000E+10 , 9.900000E-01 , 8.852028E+09
1.000000E+13 , 1.000000E-07 , 1.000000E+10 , 9.900000E-01 , 6.026211E+09
1.000000E+14 , 1.000000E-11 , 1.000000E+10 , 9.900000E-01 , 1.215106E+09
1.000000E+14 , 1.000000E-10 , 1.000000E+10 , 9.900000E-01 , 1.176782E+09
1.000000E+14 , 1.000000E-09 , 1.000000E+10 , 9.900000E-01 , 1.068019E+09
1.000000E+14 , 1.000000E-08 , 1.000000E+10 , 9.900000E-01 , 8.216638E+08
1.000000E+14 , 1.000000E-07 , 1.000000E+10 , 9.900000E-01 , 7.371114E+08
1.000000E+15 , 1.000000E-11 , 1.000000E+10 , 9.900000E-01 , 1.263459E+08
1.000000E+15 , 1.000000E-10 , 1.000000E+10 , 9.900000E-01 , 1.290449E+08
1.000000E+15 , 1.000000E-09 , 1.000000E+10 , 9.900000E-01 , 1.380414E+08
1.000000E+15 , 1.000000E-08 , 1.000000E+10 , 9.900000E-01 , 1.671812E+08
1.000000E+15 , 1.000000E-07 , 1.000000E+10 , 9.900000E-01 , 3.682667E+08
1.000000E+16 , 1.000000E-11 , 1.000000E+10 , 9.900000E-01 , 1.719330E+07
1.000000E+16 , 1.000000E-10 , 1.000000E+10 , 9.900000E-01 , 2.358372E+07
1.000000E+16 , 1.000000E-09 , 1.000000E+10 , 9.900000E-01 , 4.351153E+07
1.000000E+16 , 1.000000E-08 , 1.000000E+10 , 9.900000E-01 , 1.010159E+08
1.000000E+16 , 1.000000E-07 , 1.000000E+10 , 9.900000E-01 , 3.344164E+08
1.000000E+17 , 1.000000E-11 , 1.000000E+10 , 9.900000E-01 , 6.273990E+06
1.000000E+17 , 1.000000E-10 , 1.000000E+10 , 9.900000E-01 , 1.302529E+07
1.000000E+17 , 1.000000E-09 , 1.000000E+10 , 9.900000E-01 , 3.402687E+07
1.000000E+17 , 1.000000E-08 , 1.000000E+10 , 9.900000E-01 , 9.436090E+07
1.000000E+17 , 1.000000E-07 , 1.000000E+10 , 9.900000E-01 , 3.310632E+08
1.000000E+18 , 1.000000E-11 , 1.000000E+10 , 9.900000E-01 , 5.182017E+06
1.000000E+18 , 1.000000E-10 , 1.000000E+10 , 9.900000E-01 , 1.196931E+07
1.000000E+18 , 1.000000E-09 , 1.000000E+10 , 9.900000E-01 , 3.307807E+07
1.000000E+18 , 1.000000E-08 , 1.000000E+10 , 9.900000E-01 , 9.369497E+07
1.000000E+18 , 1.000000E-07 , 1.000000E+10 , 9.900000E-01 , 3.307282E+08
1.000000E+19 , 1.000000E-11 , 1.000000E+10 , 9.900000E-01 , 5.072819E+06
1.000000E+19 , 1.000000E-10 , 1.000000E+10 , 9.900000E-01 , 1.186372E+07
1.000000E+19 , 1.000000E-09 , 1.000000E+10 , 9.900000E-01 , 3.298318E+07
1.000000E+19 , 1.000000E-08 , 1.000000E+10 , 9.900000E-01 , 9.362837E+07
1.000000E+19 , 1.000000E-07 , 1.000000E+10 , 9.900000E-01 , 3.306947E+08
