1.000000E+13 , 1.000000E-11 , 1.000000E+07 , 9.100000E-01 , 1.145385E+09
1.000000E+13 , 1.000000E-10 , 1.000000E+07 , 9.100000E-01 , 1.145112E+09
1.000000E+13 , 1.000000E-09 , 1.000000E+07 , 9.100000E-01 , 1.144246E+09
1.000000E+13 , 1.000000E-08 , 1.000000E+07 , 9.100000E-01 , 1.141546E+09
1.000000E+13 , 1.000000E-07 , 1.000000E+07 , 9.100000E-01 , 1.134181E+09
1.000000E+14 , 1.000000E-11 , 1.000000E+07 , 9.100000E-01 , 1.145458E+08
1.000000E+14 , 1.000000E-10 , 1.000000E+07 , 9.100000E-01 , 1.145190E+08
1.000000E+14 , 1.000000E-09 , 1.000000E+07 , 9.100000E-01 , 1.144337E+08
1.000000E+14 , 1.000000E-08 , 1.000000E+07 , 9.100000E-01 , 1.141669E+08
1.000000E+14 , 1.000000E-07 , 1.000000E+07 , 9.100000E-01 , 1.134330E+08
1.000000E+15 , 1.000000E-11 , 1.000000E+07 , 9.100000E-01 , 1.145459E+07
1.000000E+15 , 1.000000E-10 , 1.000000E+07 , 9.100000E-01 , 1.145192E+07
1.000000E+15 , 1.000000E-09 , 1.000000E+07 , 9.100000E-01 , 1.144339E+07
1.000000E+15 , 1.000000E-08 , 1.000000E+07 , 9.100000E-01 , 1.141675E+07
1.000000E+15 , 1.000000E-07 , 1.000000E+07 , 9.100000E-01 , 1.134339E+07
1.000000E+16 , 1.000000E-11 , 1.000000E+07 , 9.100000E-01 , 1.145459E+06
1.000000E+16 , 1.000000E-10 , 1.000000E+07 , 9.100000E-01 , 1.145192E+06
1.000000E+16 , 1.000000E-09 , 1.000000E+07 , 9.100000E-01 , 1.144340E+06
1.000000E+16 , 1.000000E-08 , 1.000000E+07 , 9.100000E-01 , 1.141675E+06
1.000000E+16 , 1.000000E-07 , 1.000000E+07 , 9.100000E-01 , 1.134340E+06
1.000000E+17 , 1.000000E-11 , 1.000000E+07 , 9.100000E-01 , 1.145459E+05
1.000000E+17 , 1.000000E-10 , 1.000000E+07 , 9.100000E-01 , 1.145192E+05
1.000000E+17 , 1.000000E-09 , 1.000000E+07 , 9.100000E-01 , 1.144340E+05
1.000000E+17 , 1.000000E-08 , 1.000000E+07 , 9.100000E-01 , 1.141676E+05
1.000000E+17 , 1.000000E-07 , 1.000000E+07 , 9.100000E-01 , 1.134340E+05
1.000000E+18 , 1.000000E-11 , 1.000000E+07 , 9.100000E-01 , 1.145459E+04
1.000000E+18 , 1.000000E-10 , 1.000000E+07 , 9.100000E-01 , 1.145192E+04
1.000000E+18 , 1.000000E-09 , 1.000000E+07 , 9.100000E-01 , 1.144340E+04
1.000000E+18 , 1.000000E-08 , 1.000000E+07 , 9.100000E-01 , 1.141676E+04
1.000000E+18 , 1.000000E-07 , 1.000000E+07 , 9.100000E-01 , 1.134340E+04
1.000000E+19 , 1.000000E-11 , 1.000000E+07 , 9.100000E-01 , 1.145459E+03
1.000000E+19 , 1.000000E-10 , 1.000000E+07 , 9.100000E-01 , 1.145192E+03
1.000000E+19 , 1.000000E-09 , 1.000000E+07 , 9.100000E-01 , 1.144340E+03
1.000000E+19 , 1.000000E-08 , 1.000000E+07 , 9.100000E-01 , 1.141676E+03
1.000000E+19 , 1.000000E-07 , 1.000000E+07 , 9.100000E-01 , 1.134340E+03
1.000000E+13 , 1.000000E-11 , 1.000000E+08 , 9.100000E-01 , 3.594243E+09
1.000000E+13 , 1.000000E-10 , 1.000000E+08 , 9.100000E-01 , 3.585420E+09
1.000000E+13 , 1.000000E-09 , 1.000000E+08 , 9.100000E-01 , 3.557792E+09
1.000000E+13 , 1.000000E-08 , 1.000000E+08 , 9.100000E-01 , 3.474661E+09
1.000000E+13 , 1.000000E-07 , 1.000000E+08 , 9.100000E-01 , 3.271574E+09
1.000000E+14 , 1.000000E-11 , 1.000000E+08 , 9.100000E-01 , 3.639509E+08
1.000000E+14 , 1.000000E-10 , 1.000000E+08 , 9.100000E-01 , 3.631529E+08
1.000000E+14 , 1.000000E-09 , 1.000000E+08 , 9.100000E-01 , 3.606293E+08
1.000000E+14 , 1.000000E-08 , 1.000000E+08 , 9.100000E-01 , 3.528359E+08
1.000000E+14 , 1.000000E-07 , 1.000000E+08 , 9.100000E-01 , 3.322515E+08
1.000000E+15 , 1.000000E-11 , 1.000000E+08 , 9.100000E-01 , 3.640031E+07
1.000000E+15 , 1.000000E-10 , 1.000000E+08 , 9.100000E-01 , 3.632170E+07
1.000000E+15 , 1.000000E-09 , 1.000000E+08 , 9.100000E-01 , 3.607281E+07
1.000000E+15 , 1.000000E-08 , 1.000000E+08 , 9.100000E-01 , 3.530190E+07
1.000000E+15 , 1.000000E-07 , 1.000000E+08 , 9.100000E-01 , 3.324819E+07
1.000000E+16 , 1.000000E-11 , 1.000000E+08 , 9.100000E-01 , 3.640041E+06
1.000000E+16 , 1.000000E-10 , 1.000000E+08 , 9.100000E-01 , 3.632192E+06
1.000000E+16 , 1.000000E-09 , 1.000000E+08 , 9.100000E-01 , 3.607339E+06
1.000000E+16 , 1.000000E-08 , 1.000000E+08 , 9.100000E-01 , 3.530335E+06
1.000000E+16 , 1.000000E-07 , 1.000000E+08 , 9.100000E-01 , 3.325019E+06
1.000000E+17 , 1.000000E-11 , 1.000000E+08 , 9.100000E-01 , 3.640042E+05
1.000000E+17 , 1.000000E-10 , 1.000000E+08 , 9.100000E-01 , 3.632194E+05
1.000000E+17 , 1.000000E-09 , 1.000000E+08 , 9.100000E-01 , 3.607344E+05
1.000000E+17 , 1.000000E-08 , 1.000000E+08 , 9.100000E-01 , 3.530349E+05
1.000000E+17 , 1.000000E-07 , 1.000000E+08 , 9.100000E-01 , 3.325039E+05
1.000000E+18 , 1.000000E-11 , 1.000000E+08 , 9.100000E-01 , 3.640042E+04
1.000000E+18 , 1.000000E-10 , 1.000000E+08 , 9.100000E-01 , 3.632194E+04
1.000000E+18 , 1.000000E-09 , 1.000000E+08 , 9.100000E-01 , 3.607345E+04
1.000000E+18 , 1.000000E-08 , 1.000000E+08 , 9.100000E-01 , 3.530351E+04
1.000000E+18 , 1.000000E-07 , 1.000000E+08 , 9.100000E-01 , 3.325041E+04
1.000000E+19 , 1.000000E-11 , 1.000000E+08 , 9.100000E-01 , 3.640042E+03
1.000000E+19 , 1.000000E-10 , 1.000000E+08 , 9.100000E-01 , 3.632194E+03
1.000000E+19 , 1.000000E-09 , 1.000000E+08 , 9.100000E-01 , 3.607345E+03
1.000000E+19 , 1.000000E-08 , 1.000000E+08 , 9.100000E-01 , 3.530351E+03
1.000000E+19 , 1.000000E-07 , 1.000000E+08 , 9.100000E-01 , 3.325041E+03
1.000000E+13 , 1.000000E-11 , 1.000000E+09 , 9.100000E-01 , 7.001964E+09
1.000000E+13 , 1.000000E-10 , 1.000000E+09 , 9.100000E-01 , 6.917086E+09
1.000000E+13 , 1.000000E-09 , 1.000000E+09 , 9.100000E-01 , 6.663133E+09
1.000000E+13 , 1.000000E-08 , 1.000000E+09 , 9.100000E-01 , 5.994492E+09
1.000000E+13 , 1.000000E-07 , 1.000000E+09 , 9.100000E-01 , 4.971919E+09
1.000000E+14 , 1.000000E-11 , 1.000000E+09 , 9.100000E-01 , 6.832128E+09
1.000000E+14 , 1.000000E-10 , 1.000000E+09 , 9.100000E-01 , 6.736135E+09
1.000000E+14 , 1.000000E-09 , 1.000000E+09 , 9.100000E-01 , 6.442088E+09
1.000000E+14 , 1.000000E-08 , 1.000000E+09 , 9.100000E-01 , 5.606187E+09
1.000000E+14 , 1.000000E-07 , 1.000000E+09 , 9.100000E-01 , 4.001101E+09
1.000000E+15 , 1.000000E-11 , 1.000000E+09 , 9.100000E-01 , 7.935346E+08
1.000000E+15 , 1.000000E-10 , 1.000000E+09 , 9.100000E-01 , 7.832934E+08
1.000000E+15 , 1.000000E-09 , 1.000000E+09 , 9.100000E-01 , 7.516467E+08
1.000000E+15 , 1.000000E-08 , 1.000000E+09 , 9.100000E-01 , 6.591876E+08
1.000000E+15 , 1.000000E-07 , 1.000000E+09 , 9.100000E-01 , 4.667388E+08
1.000000E+16 , 1.000000E-11 , 1.000000E+09 , 9.100000E-01 , 7.948702E+07
1.000000E+16 , 1.000000E-10 , 1.000000E+09 , 9.100000E-01 , 7.847166E+07
1.000000E+16 , 1.000000E-09 , 1.000000E+09 , 9.100000E-01 , 7.533097E+07
1.000000E+16 , 1.000000E-08 , 1.000000E+09 , 9.100000E-01 , 6.612715E+07
1.000000E+16 , 1.000000E-07 , 1.000000E+09 , 9.100000E-01 , 4.679639E+07
1.000000E+17 , 1.000000E-11 , 1.000000E+09 , 9.100000E-01 , 7.948881E+06
1.000000E+17 , 1.000000E-10 , 1.000000E+09 , 9.100000E-01 , 7.847449E+06
1.000000E+17 , 1.000000E-09 , 1.000000E+09 , 9.100000E-01 , 7.533670E+06
1.000000E+17 , 1.000000E-08 , 1.000000E+09 , 9.100000E-01 , 6.613855E+06
1.000000E+17 , 1.000000E-07 , 1.000000E+09 , 9.100000E-01 , 4.680209E+06
1.000000E+18 , 1.000000E-11 , 1.000000E+09 , 9.100000E-01 , 7.948887E+05
1.000000E+18 , 1.000000E-10 , 1.000000E+09 , 9.100000E-01 , 7.847466E+05
1.000000E+18 , 1.000000E-09 , 1.000000E+09 , 9.100000E-01 , 7.533716E+05
1.000000E+18 , 1.000000E-08 , 1.000000E+09 , 9.100000E-01 , 6.613959E+05
1.000000E+18 , 1.000000E-07 , 1.000000E+09 , 9.100000E-01 , 4.680259E+05
1.000000E+19 , 1.000000E-11 , 1.000000E+09 , 9.100000E-01 , 7.948888E+04
1.000000E+19 , 1.000000E-10 , 1.000000E+09 , 9.100000E-01 , 7.847468E+04
1.000000E+19 , 1.000000E-09 , 1.000000E+09 , 9.100000E-01 , 7.533720E+04
1.000000E+19 , 1.000000E-08 , 1.000000E+09 , 9.100000E-01 , 6.613970E+04
1.000000E+19 , 1.000000E-07 , 1.000000E+09 , 9.100000E-01 , 4.680264E+04
1.000000E+13 , 1.000000E-11 , 1.000000E+10 , 9.100000E-01 , 4.433903E+09
1.000000E+13 , 1.000000E-10 , 1.000000E+10 , 9.100000E-01 , 4.372584E+09
1.000000E+13 , 1.000000E-09 , 1.000000E+10 , 9.100000E-01 , 4.191801E+09
1.000000E+13 , 1.000000E-08 , 1.000000E+10 , 9.100000E-01 , 3.736918E+09
1.000000E+13 , 1.000000E-07 , 1.000000E+10 , 9.100000E-01 , 3.148572E+09
1.000000E+14 , 1.000000E-11 , 1.000000E+10 , 9.100000E-01 , 3.003518E+09
1.000000E+14 , 1.000000E-10 , 1.000000E+10 , 9.100000E-01 , 2.900515E+09
1.000000E+14 , 1.000000E-09 , 1.000000E+10 , 9.100000E-01 , 2.602515E+09
1.000000E+14 , 1.000000E-08 , 1.000000E+10 , 9.100000E-01 , 1.892540E+09
1.000000E+14 , 1.000000E-07 , 1.000000E+10 , 9.100000E-01 , 1.160580E+09
1.000000E+15 , 1.000000E-11 , 1.000000E+10 , 9.100000E-01 , 3.508008E+08
1.000000E+15 , 1.000000E-10 , 1.000000E+10 , 9.100000E-01 , 3.403390E+08
1.000000E+15 , 1.000000E-09 , 1.000000E+10 , 9.100000E-01 , 3.091879E+08
1.000000E+15 , 1.000000E-08 , 1.000000E+10 , 9.100000E-01 , 2.272288E+08
1.000000E+15 , 1.000000E-07 , 1.000000E+10 , 9.100000E-01 , 1.295688E+08
1.000000E+16 , 1.000000E-11 , 1.000000E+10 , 9.100000E-01 , 3.515367E+07
1.000000E+16 , 1.000000E-10 , 1.000000E+10 , 9.100000E-01 , 3.413519E+07
1.000000E+16 , 1.000000E-09 , 1.000000E+10 , 9.100000E-01 , 3.108853E+07
1.000000E+16 , 1.000000E-08 , 1.000000E+10 , 9.100000E-01 , 2.294816E+07
1.000000E+16 , 1.000000E-07 , 1.000000E+10 , 9.100000E-01 , 1.295559E+07
1.000000E+17 , 1.000000E-11 , 1.000000E+10 , 9.100000E-01 , 3.515579E+06
1.000000E+17 , 1.000000E-10 , 1.000000E+10 , 9.100000E-01 , 3.414036E+06
1.000000E+17 , 1.000000E-09 , 1.000000E+10 , 9.100000E-01 , 3.110137E+06
1.000000E+17 , 1.000000E-08 , 1.000000E+10 , 9.100000E-01 , 2.296861E+06
1.000000E+17 , 1.000000E-07 , 1.000000E+10 , 9.100000E-01 , 1.295390E+06
1.000000E+18 , 1.000000E-11 , 1.000000E+10 , 9.100000E-01 , 3.515595E+05
1.000000E+18 , 1.000000E-10 , 1.000000E+10 , 9.100000E-01 , 3.414083E+05
1.000000E+18 , 1.000000E-09 , 1.000000E+10 , 9.100000E-01 , 3.110262E+05
1.000000E+18 , 1.000000E-08 , 1.000000E+10 , 9.100000E-01 , 2.297063E+05
1.000000E+18 , 1.000000E-07 , 1.000000E+10 , 9.100000E-01 , 1.295371E+05
1.000000E+19 , 1.000000E-11 , 1.000000E+10 , 9.100000E-01 , 3.515596E+04
1.000000E+19 , 1.000000E-10 , 1.000000E+10 , 9.100000E-01 , 3.414087E+04
1.000000E+19 , 1.000000E-09 , 1.000000E+10 , 9.100000E-01 , 3.110274E+04
1.000000E+19 , 1.000000E-08 , 1.000000E+10 , 9.100000E-01 , 2.297083E+04
1.000000E+19 , 1.000000E-07 , 1.000000E+10 , 9.100000E-01 , 1.295369E+04
1.000000E+13 , 1.000000E-11 , 1.000000E+07 , 9.200000E-01 , 1.151698E+09
1.000000E+13 , 1.000000E-10 , 1.000000E+07 , 9.200000E-01 , 1.151404E+09
1.000000E+13 , 1.000000E-09 , 1.000000E+07 , 9.200000E-01 , 1.150471E+09
1.000000E+13 , 1.000000E-08 , 1.000000E+07 , 9.200000E-01 , 1.147558E+09
1.000000E+13 , 1.000000E-07 , 1.000000E+07 , 9.200000E-01 , 1.139461E+09
1.000000E+14 , 1.000000E-11 , 1.000000E+07 , 9.200000E-01 , 1.151774E+08
1.000000E+14 , 1.000000E-10 , 1.000000E+07 , 9.200000E-01 , 1.151485E+08
1.000000E+14 , 1.000000E-09 , 1.000000E+07 , 9.200000E-01 , 1.150566E+08
1.000000E+14 , 1.000000E-08 , 1.000000E+07 , 9.200000E-01 , 1.147688E+08
1.000000E+14 , 1.000000E-07 , 1.000000E+07 , 9.200000E-01 , 1.139626E+08
1.000000E+15 , 1.000000E-11 , 1.000000E+07 , 9.200000E-01 , 1.151775E+07
1.000000E+15 , 1.000000E-10 , 1.000000E+07 , 9.200000E-01 , 1.151487E+07
1.000000E+15 , 1.000000E-09 , 1.000000E+07 , 9.200000E-01 , 1.150569E+07
1.000000E+15 , 1.000000E-08 , 1.000000E+07 , 9.200000E-01 , 1.147694E+07
1.000000E+15 , 1.000000E-07 , 1.000000E+07 , 9.200000E-01 , 1.139636E+07
1.000000E+16 , 1.000000E-11 , 1.000000E+07 , 9.200000E-01 , 1.151775E+06
1.000000E+16 , 1.000000E-10 , 1.000000E+07 , 9.200000E-01 , 1.151487E+06
1.000000E+16 , 1.000000E-09 , 1.000000E+07 , 9.200000E-01 , 1.150569E+06
1.000000E+16 , 1.000000E-08 , 1.000000E+07 , 9.200000E-01 , 1.147695E+06
1.000000E+16 , 1.000000E-07 , 1.000000E+07 , 9.200000E-01 , 1.139637E+06
1.000000E+17 , 1.000000E-11 , 1.000000E+07 , 9.200000E-01 , 1.151775E+05
1.000000E+17 , 1.000000E-10 , 1.000000E+07 , 9.200000E-01 , 1.151487E+05
1.000000E+17 , 1.000000E-09 , 1.000000E+07 , 9.200000E-01 , 1.150569E+05
1.000000E+17 , 1.000000E-08 , 1.000000E+07 , 9.200000E-01 , 1.147695E+05
1.000000E+17 , 1.000000E-07 , 1.000000E+07 , 9.200000E-01 , 1.139637E+05
1.000000E+18 , 1.000000E-11 , 1.000000E+07 , 9.200000E-01 , 1.151775E+04
1.000000E+18 , 1.000000E-10 , 1.000000E+07 , 9.200000E-01 , 1.151487E+04
1.000000E+18 , 1.000000E-09 , 1.000000E+07 , 9.200000E-01 , 1.150569E+04
1.000000E+18 , 1.000000E-08 , 1.000000E+07 , 9.200000E-01 , 1.147695E+04
1.000000E+18 , 1.000000E-07 , 1.000000E+07 , 9.200000E-01 , 1.139637E+04
1.000000E+19 , 1.000000E-11 , 1.000000E+07 , 9.200000E-01 , 1.151775E+03
1.000000E+19 , 1.000000E-10 , 1.000000E+07 , 9.200000E-01 , 1.151487E+03
1.000000E+19 , 1.000000E-09 , 1.000000E+07 , 9.200000E-01 , 1.150569E+03
1.000000E+19 , 1.000000E-08 , 1.000000E+07 , 9.200000E-01 , 1.147695E+03
1.000000E+19 , 1.000000E-07 , 1.000000E+07 , 9.200000E-01 , 1.139637E+03
1.000000E+13 , 1.000000E-11 , 1.000000E+08 , 9.200000E-01 , 3.778484E+09
1.000000E+13 , 1.000000E-10 , 1.000000E+08 , 9.200000E-01 , 3.768635E+09
1.000000E+13 , 1.000000E-09 , 1.000000E+08 , 9.200000E-01 , 3.737765E+09
1.000000E+13 , 1.000000E-08 , 1.000000E+08 , 9.200000E-01 , 3.644702E+09
1.000000E+13 , 1.000000E-07 , 1.000000E+08 , 9.200000E-01 , 3.412427E+09
1.000000E+14 , 1.000000E-11 , 1.000000E+08 , 9.200000E-01 , 3.832140E+08
1.000000E+14 , 1.000000E-10 , 1.000000E+08 , 9.200000E-01 , 3.823217E+08
1.000000E+14 , 1.000000E-09 , 1.000000E+08 , 9.200000E-01 , 3.794983E+08
1.000000E+14 , 1.000000E-08 , 1.000000E+08 , 9.200000E-01 , 3.707734E+08
1.000000E+14 , 1.000000E-07 , 1.000000E+08 , 9.200000E-01 , 3.473167E+08
1.000000E+15 , 1.000000E-11 , 1.000000E+08 , 9.200000E-01 , 3.832755E+07
1.000000E+15 , 1.000000E-10 , 1.000000E+08 , 9.200000E-01 , 3.823964E+07
1.000000E+15 , 1.000000E-09 , 1.000000E+08 , 9.200000E-01 , 3.796118E+07
1.000000E+15 , 1.000000E-08 , 1.000000E+08 , 9.200000E-01 , 3.709822E+07
1.000000E+15 , 1.000000E-07 , 1.000000E+08 , 9.200000E-01 , 3.475908E+07
1.000000E+16 , 1.000000E-11 , 1.000000E+08 , 9.200000E-01 , 3.832767E+06
1.000000E+16 , 1.000000E-10 , 1.000000E+08 , 9.200000E-01 , 3.823989E+06
1.000000E+16 , 1.000000E-09 , 1.000000E+08 , 9.200000E-01 , 3.796183E+06
1.000000E+16 , 1.000000E-08 , 1.000000E+08 , 9.200000E-01 , 3.709986E+06
1.000000E+16 , 1.000000E-07 , 1.000000E+08 , 9.200000E-01 , 3.476147E+06
1.000000E+17 , 1.000000E-11 , 1.000000E+08 , 9.200000E-01 , 3.832767E+05
1.000000E+17 , 1.000000E-10 , 1.000000E+08 , 9.200000E-01 , 3.823991E+05
1.000000E+17 , 1.000000E-09 , 1.000000E+08 , 9.200000E-01 , 3.796189E+05
1.000000E+17 , 1.000000E-08 , 1.000000E+08 , 9.200000E-01 , 3.710002E+05
1.000000E+17 , 1.000000E-07 , 1.000000E+08 , 9.200000E-01 , 3.476170E+05
1.000000E+18 , 1.000000E-11 , 1.000000E+08 , 9.200000E-01 , 3.832767E+04
1.000000E+18 , 1.000000E-10 , 1.000000E+08 , 9.200000E-01 , 3.823992E+04
1.000000E+18 , 1.000000E-09 , 1.000000E+08 , 9.200000E-01 , 3.796190E+04
1.000000E+18 , 1.000000E-08 , 1.000000E+08 , 9.200000E-01 , 3.710003E+04
1.000000E+18 , 1.000000E-07 , 1.000000E+08 , 9.200000E-01 , 3.476173E+04
1.000000E+19 , 1.000000E-11 , 1.000000E+08 , 9.200000E-01 , 3.832767E+03
1.000000E+19 , 1.000000E-10 , 1.000000E+08 , 9.200000E-01 , 3.823992E+03
1.000000E+19 , 1.000000E-09 , 1.000000E+08 , 9.200000E-01 , 3.796190E+03
1.000000E+19 , 1.000000E-08 , 1.000000E+08 , 9.200000E-01 , 3.710003E+03
1.000000E+19 , 1.000000E-07 , 1.000000E+08 , 9.200000E-01 , 3.476173E+03
1.000000E+13 , 1.000000E-11 , 1.000000E+09 , 9.200000E-01 , 7.844003E+09
1.000000E+13 , 1.000000E-10 , 1.000000E+09 , 9.200000E-01 , 7.744445E+09
1.000000E+13 , 1.000000E-09 , 1.000000E+09 , 9.200000E-01 , 7.446224E+09
1.000000E+13 , 1.000000E-08 , 1.000000E+09 , 9.200000E-01 , 6.657561E+09
1.000000E+13 , 1.000000E-07 , 1.000000E+09 , 9.200000E-01 , 5.407576E+09
1.000000E+14 , 1.000000E-11 , 1.000000E+09 , 9.200000E-01 , 1.142383E+10
1.000000E+14 , 1.000000E-10 , 1.000000E+09 , 9.200000E-01 , 1.125858E+10
1.000000E+14 , 1.000000E-09 , 1.000000E+09 , 9.200000E-01 , 1.075264E+10
1.000000E+14 , 1.000000E-08 , 1.000000E+09 , 9.200000E-01 , 9.315597E+09
1.000000E+14 , 1.000000E-07 , 1.000000E+09 , 9.200000E-01 , 6.512995E+09
1.000000E+15 , 1.000000E-11 , 1.000000E+09 , 9.200000E-01 , 1.435964E+09
1.000000E+15 , 1.000000E-10 , 1.000000E+09 , 9.200000E-01 , 1.416860E+09
1.000000E+15 , 1.000000E-09 , 1.000000E+09 , 9.200000E-01 , 1.357871E+09
1.000000E+15 , 1.000000E-08 , 1.000000E+09 , 9.200000E-01 , 1.185796E+09
1.000000E+15 , 1.000000E-07 , 1.000000E+09 , 9.200000E-01 , 8.224496E+08
1.000000E+16 , 1.000000E-11 , 1.000000E+09 , 9.200000E-01 , 1.439764E+08
1.000000E+16 , 1.000000E-10 , 1.000000E+09 , 9.200000E-01 , 1.420801E+08
1.000000E+16 , 1.000000E-09 , 1.000000E+09 , 9.200000E-01 , 1.362194E+08
1.000000E+16 , 1.000000E-08 , 1.000000E+09 , 9.200000E-01 , 1.190724E+08
1.000000E+16 , 1.000000E-07 , 1.000000E+09 , 9.200000E-01 , 8.254181E+07
1.000000E+17 , 1.000000E-11 , 1.000000E+09 , 9.200000E-01 , 1.439810E+07
1.000000E+17 , 1.000000E-10 , 1.000000E+09 , 9.200000E-01 , 1.420867E+07
1.000000E+17 , 1.000000E-09 , 1.000000E+09 , 9.200000E-01 , 1.362312E+07
1.000000E+17 , 1.000000E-08 , 1.000000E+09 , 9.200000E-01 , 1.190945E+07
1.000000E+17 , 1.000000E-07 , 1.000000E+09 , 9.200000E-01 , 8.255283E+06
1.000000E+18 , 1.000000E-11 , 1.000000E+09 , 9.200000E-01 , 1.439812E+06
1.000000E+18 , 1.000000E-10 , 1.000000E+09 , 9.200000E-01 , 1.420870E+06
1.000000E+18 , 1.000000E-09 , 1.000000E+09 , 9.200000E-01 , 1.362320E+06
1.000000E+18 , 1.000000E-08 , 1.000000E+09 , 9.200000E-01 , 1.190964E+06
1.000000E+18 , 1.000000E-07 , 1.000000E+09 , 9.200000E-01 , 8.255374E+05
1.000000E+19 , 1.000000E-11 , 1.000000E+09 , 9.200000E-01 , 1.439812E+05
1.000000E+19 , 1.000000E-10 , 1.000000E+09 , 9.200000E-01 , 1.420870E+05
1.000000E+19 , 1.000000E-09 , 1.000000E+09 , 9.200000E-01 , 1.362321E+05
1.000000E+19 , 1.000000E-08 , 1.000000E+09 , 9.200000E-01 , 1.190966E+05
1.000000E+19 , 1.000000E-07 , 1.000000E+09 , 9.200000E-01 , 8.255383E+04
1.000000E+13 , 1.000000E-11 , 1.000000E+10 , 9.200000E-01 , 4.770262E+09
1.000000E+13 , 1.000000E-10 , 1.000000E+10 , 9.200000E-01 , 4.700588E+09
1.000000E+13 , 1.000000E-09 , 1.000000E+10 , 9.200000E-01 , 4.494763E+09
1.000000E+13 , 1.000000E-08 , 1.000000E+10 , 9.200000E-01 , 3.972977E+09
1.000000E+13 , 1.000000E-07 , 1.000000E+10 , 9.200000E-01 , 3.259176E+09
1.000000E+14 , 1.000000E-11 , 1.000000E+10 , 9.200000E-01 , 2.684391E+09
1.000000E+14 , 1.000000E-10 , 1.000000E+10 , 9.200000E-01 , 2.591499E+09
1.000000E+14 , 1.000000E-09 , 1.000000E+10 , 9.200000E-01 , 2.322897E+09
1.000000E+14 , 1.000000E-08 , 1.000000E+10 , 9.200000E-01 , 1.683483E+09
1.000000E+14 , 1.000000E-07 , 1.000000E+10 , 9.200000E-01 , 1.017572E+09
1.000000E+15 , 1.000000E-11 , 1.000000E+10 , 9.200000E-01 , 2.990783E+08
1.000000E+15 , 1.000000E-10 , 1.000000E+10 , 9.200000E-01 , 2.900646E+08
1.000000E+15 , 1.000000E-09 , 1.000000E+10 , 9.200000E-01 , 2.632452E+08
1.000000E+15 , 1.000000E-08 , 1.000000E+10 , 9.200000E-01 , 1.927900E+08
1.000000E+15 , 1.000000E-07 , 1.000000E+10 , 9.200000E-01 , 1.083332E+08
1.000000E+16 , 1.000000E-11 , 1.000000E+10 , 9.200000E-01 , 2.995405E+07
1.000000E+16 , 1.000000E-10 , 1.000000E+10 , 9.200000E-01 , 2.907655E+07
1.000000E+16 , 1.000000E-09 , 1.000000E+10 , 9.200000E-01 , 2.645369E+07
1.000000E+16 , 1.000000E-08 , 1.000000E+10 , 9.200000E-01 , 1.945729E+07
1.000000E+16 , 1.000000E-07 , 1.000000E+10 , 9.200000E-01 , 1.082186E+07
1.000000E+17 , 1.000000E-11 , 1.000000E+10 , 9.200000E-01 , 2.995567E+06
1.000000E+17 , 1.000000E-10 , 1.000000E+10 , 9.200000E-01 , 2.908076E+06
1.000000E+17 , 1.000000E-09 , 1.000000E+10 , 9.200000E-01 , 2.646439E+06
1.000000E+17 , 1.000000E-08 , 1.000000E+10 , 9.200000E-01 , 1.947428E+06
1.000000E+17 , 1.000000E-07 , 1.000000E+10 , 9.200000E-01 , 1.081989E+06
1.000000E+18 , 1.000000E-11 , 1.000000E+10 , 9.200000E-01 , 2.995581E+05
1.000000E+18 , 1.000000E-10 , 1.000000E+10 , 9.200000E-01 , 2.908115E+05
1.000000E+18 , 1.000000E-09 , 1.000000E+10 , 9.200000E-01 , 2.646543E+05
1.000000E+18 , 1.000000E-08 , 1.000000E+10 , 9.200000E-01 , 1.947597E+05
1.000000E+18 , 1.000000E-07 , 1.000000E+10 , 9.200000E-01 , 1.081969E+05
1.000000E+19 , 1.000000E-11 , 1.000000E+10 , 9.200000E-01 , 2.995582E+04
1.000000E+19 , 1.000000E-10 , 1.000000E+10 , 9.200000E-01 , 2.908119E+04
1.000000E+19 , 1.000000E-09 , 1.000000E+10 , 9.200000E-01 , 2.646554E+04
1.000000E+19 , 1.000000E-08 , 1.000000E+10 , 9.200000E-01 , 1.947614E+04
1.000000E+19 , 1.000000E-07 , 1.000000E+10 , 9.200000E-01 , 1.081967E+04
1.000000E+13 , 1.000000E-11 , 1.000000E+07 , 9.300000E-01 , 1.159858E+09
1.000000E+13 , 1.000000E-10 , 1.000000E+07 , 9.300000E-01 , 1.159539E+09
1.000000E+13 , 1.000000E-09 , 1.000000E+07 , 9.300000E-01 , 1.158524E+09
1.000000E+13 , 1.000000E-08 , 1.000000E+07 , 9.300000E-01 , 1.155353E+09
1.000000E+13 , 1.000000E-07 , 1.000000E+07 , 9.300000E-01 , 1.146382E+09
1.000000E+14 , 1.000000E-11 , 1.000000E+07 , 9.300000E-01 , 1.159938E+08
1.000000E+14 , 1.000000E-10 , 1.000000E+07 , 9.300000E-01 , 1.159624E+08
1.000000E+14 , 1.000000E-09 , 1.000000E+07 , 9.300000E-01 , 1.158625E+08
1.000000E+14 , 1.000000E-08 , 1.000000E+07 , 9.300000E-01 , 1.155492E+08
1.000000E+14 , 1.000000E-07 , 1.000000E+07 , 9.300000E-01 , 1.146566E+08
1.000000E+15 , 1.000000E-11 , 1.000000E+07 , 9.300000E-01 , 1.159939E+07
1.000000E+15 , 1.000000E-10 , 1.000000E+07 , 9.300000E-01 , 1.159626E+07
1.000000E+15 , 1.000000E-09 , 1.000000E+07 , 9.300000E-01 , 1.158628E+07
1.000000E+15 , 1.000000E-08 , 1.000000E+07 , 9.300000E-01 , 1.155499E+07
1.000000E+15 , 1.000000E-07 , 1.000000E+07 , 9.300000E-01 , 1.146577E+07
1.000000E+16 , 1.000000E-11 , 1.000000E+07 , 9.300000E-01 , 1.159939E+06
1.000000E+16 , 1.000000E-10 , 1.000000E+07 , 9.300000E-01 , 1.159626E+06
1.000000E+16 , 1.000000E-09 , 1.000000E+07 , 9.300000E-01 , 1.158628E+06
1.000000E+16 , 1.000000E-08 , 1.000000E+07 , 9.300000E-01 , 1.155500E+06
1.000000E+16 , 1.000000E-07 , 1.000000E+07 , 9.300000E-01 , 1.146579E+06
1.000000E+17 , 1.000000E-11 , 1.000000E+07 , 9.300000E-01 , 1.159939E+05
1.000000E+17 , 1.000000E-10 , 1.000000E+07 , 9.300000E-01 , 1.159626E+05
1.000000E+17 , 1.000000E-09 , 1.000000E+07 , 9.300000E-01 , 1.158628E+05
1.000000E+17 , 1.000000E-08 , 1.000000E+07 , 9.300000E-01 , 1.155500E+05
1.000000E+17 , 1.000000E-07 , 1.000000E+07 , 9.300000E-01 , 1.146579E+05
1.000000E+18 , 1.000000E-11 , 1.000000E+07 , 9.300000E-01 , 1.159939E+04
1.000000E+18 , 1.000000E-10 , 1.000000E+07 , 9.300000E-01 , 1.159626E+04
1.000000E+18 , 1.000000E-09 , 1.000000E+07 , 9.300000E-01 , 1.158628E+04
1.000000E+18 , 1.000000E-08 , 1.000000E+07 , 9.300000E-01 , 1.155500E+04
1.000000E+18 , 1.000000E-07 , 1.000000E+07 , 9.300000E-01 , 1.146579E+04
1.000000E+19 , 1.000000E-11 , 1.000000E+07 , 9.300000E-01 , 1.159939E+03
1.000000E+19 , 1.000000E-10 , 1.000000E+07 , 9.300000E-01 , 1.159626E+03
1.000000E+19 , 1.000000E-09 , 1.000000E+07 , 9.300000E-01 , 1.158628E+03
1.000000E+19 , 1.000000E-08 , 1.000000E+07 , 9.300000E-01 , 1.155500E+03
1.000000E+19 , 1.000000E-07 , 1.000000E+07 , 9.300000E-01 , 1.146579E+03
1.000000E+13 , 1.000000E-11 , 1.000000E+08 , 9.300000E-01 , 4.027627E+09
1.000000E+13 , 1.000000E-10 , 1.000000E+08 , 9.300000E-01 , 4.016420E+09
1.000000E+13 , 1.000000E-09 , 1.000000E+08 , 9.300000E-01 , 3.981265E+09
1.000000E+13 , 1.000000E-08 , 1.000000E+08 , 9.300000E-01 , 3.875078E+09
1.000000E+13 , 1.000000E-07 , 1.000000E+08 , 9.300000E-01 , 3.604637E+09
1.000000E+14 , 1.000000E-11 , 1.000000E+08 , 9.300000E-01 , 4.093058E+08
1.000000E+14 , 1.000000E-10 , 1.000000E+08 , 9.300000E-01 , 4.082883E+08
1.000000E+14 , 1.000000E-09 , 1.000000E+08 , 9.300000E-01 , 4.050671E+08
1.000000E+14 , 1.000000E-08 , 1.000000E+08 , 9.300000E-01 , 3.951073E+08
1.000000E+14 , 1.000000E-07 , 1.000000E+08 , 9.300000E-01 , 3.678921E+08
1.000000E+15 , 1.000000E-11 , 1.000000E+08 , 9.300000E-01 , 4.093803E+07
1.000000E+15 , 1.000000E-10 , 1.000000E+08 , 9.300000E-01 , 4.083779E+07
1.000000E+15 , 1.000000E-09 , 1.000000E+08 , 9.300000E-01 , 4.052008E+07
1.000000E+15 , 1.000000E-08 , 1.000000E+08 , 9.300000E-01 , 3.953507E+07
1.000000E+15 , 1.000000E-07 , 1.000000E+08 , 9.300000E-01 , 3.682250E+07
1.000000E+16 , 1.000000E-11 , 1.000000E+08 , 9.300000E-01 , 4.093817E+06
1.000000E+16 , 1.000000E-10 , 1.000000E+08 , 9.300000E-01 , 4.083808E+06
1.000000E+16 , 1.000000E-09 , 1.000000E+08 , 9.300000E-01 , 4.052082E+06
1.000000E+16 , 1.000000E-08 , 1.000000E+08 , 9.300000E-01 , 3.953695E+06
1.000000E+16 , 1.000000E-07 , 1.000000E+08 , 9.300000E-01 , 3.682539E+06
1.000000E+17 , 1.000000E-11 , 1.000000E+08 , 9.300000E-01 , 4.093818E+05
1.000000E+17 , 1.000000E-10 , 1.000000E+08 , 9.300000E-01 , 4.083811E+05
1.000000E+17 , 1.000000E-09 , 1.000000E+08 , 9.300000E-01 , 4.052089E+05
1.000000E+17 , 1.000000E-08 , 1.000000E+08 , 9.300000E-01 , 3.953714E+05
1.000000E+17 , 1.000000E-07 , 1.000000E+08 , 9.300000E-01 , 3.682568E+05
1.000000E+18 , 1.000000E-11 , 1.000000E+08 , 9.300000E-01 , 4.093818E+04
1.000000E+18 , 1.000000E-10 , 1.000000E+08 , 9.300000E-01 , 4.083811E+04
1.000000E+18 , 1.000000E-09 , 1.000000E+08 , 9.300000E-01 , 4.052090E+04
1.000000E+18 , 1.000000E-08 , 1.000000E+08 , 9.300000E-01 , 3.953716E+04
1.000000E+18 , 1.000000E-07 , 1.000000E+08 , 9.300000E-01 , 3.682571E+04
1.000000E+19 , 1.000000E-11 , 1.000000E+08 , 9.300000E-01 , 4.093818E+03
1.000000E+19 , 1.000000E-10 , 1.000000E+08 , 9.300000E-01 , 4.083811E+03
1.000000E+19 , 1.000000E-09 , 1.000000E+08 , 9.300000E-01 , 4.052090E+03
1.000000E+19 , 1.000000E-08 , 1.000000E+08 , 9.300000E-01 , 3.953716E+03
1.000000E+19 , 1.000000E-07 , 1.000000E+08 , 9.300000E-01 , 3.682571E+03
1.000000E+13 , 1.000000E-11 , 1.000000E+09 , 9.300000E-01 , 8.992165E+09
1.000000E+13 , 1.000000E-10 , 1.000000E+09 , 9.300000E-01 , 8.872507E+09
1.000000E+13 , 1.000000E-09 , 1.000000E+09 , 9.300000E-01 , 8.513669E+09
1.000000E+13 , 1.000000E-08 , 1.000000E+09 , 9.300000E-01 , 7.560682E+09
1.000000E+13 , 1.000000E-07 , 1.000000E+09 , 9.300000E-01 , 5.998157E+09
1.000000E+14 , 1.000000E-11 , 1.000000E+09 , 9.300000E-01 , 2.374318E+10
1.000000E+14 , 1.000000E-10 , 1.000000E+09 , 9.300000E-01 , 2.338939E+10
1.000000E+14 , 1.000000E-09 , 1.000000E+09 , 9.300000E-01 , 2.230686E+10
1.000000E+14 , 1.000000E-08 , 1.000000E+09 , 9.300000E-01 , 1.923540E+10
1.000000E+14 , 1.000000E-07 , 1.000000E+09 , 9.300000E-01 , 1.315631E+10
1.000000E+15 , 1.000000E-11 , 1.000000E+09 , 9.300000E-01 , 3.723346E+09
1.000000E+15 , 1.000000E-10 , 1.000000E+09 , 9.300000E-01 , 3.672246E+09
1.000000E+15 , 1.000000E-09 , 1.000000E+09 , 9.300000E-01 , 3.514602E+09
1.000000E+15 , 1.000000E-08 , 1.000000E+09 , 9.300000E-01 , 3.055562E+09
1.000000E+15 , 1.000000E-07 , 1.000000E+09 , 9.300000E-01 , 2.073053E+09
1.000000E+16 , 1.000000E-11 , 1.000000E+09 , 9.300000E-01 , 3.744919E+08
1.000000E+16 , 1.000000E-10 , 1.000000E+09 , 9.300000E-01 , 3.694029E+08
1.000000E+16 , 1.000000E-09 , 1.000000E+09 , 9.300000E-01 , 3.536884E+08
1.000000E+16 , 1.000000E-08 , 1.000000E+09 , 9.300000E-01 , 3.077979E+08
1.000000E+16 , 1.000000E-07 , 1.000000E+09 , 9.300000E-01 , 2.087093E+08
1.000000E+17 , 1.000000E-11 , 1.000000E+09 , 9.300000E-01 , 3.745158E+07
1.000000E+17 , 1.000000E-10 , 1.000000E+09 , 9.300000E-01 , 3.694315E+07
1.000000E+17 , 1.000000E-09 , 1.000000E+09 , 9.300000E-01 , 3.537304E+07
1.000000E+17 , 1.000000E-08 , 1.000000E+09 , 9.300000E-01 , 3.078655E+07
1.000000E+17 , 1.000000E-07 , 1.000000E+09 , 9.300000E-01 , 2.087440E+07
1.000000E+18 , 1.000000E-11 , 1.000000E+09 , 9.300000E-01 , 3.745163E+06
1.000000E+18 , 1.000000E-10 , 1.000000E+09 , 9.300000E-01 , 3.694325E+06
1.000000E+18 , 1.000000E-09 , 1.000000E+09 , 9.300000E-01 , 3.537327E+06
1.000000E+18 , 1.000000E-08 , 1.000000E+09 , 9.300000E-01 , 3.078706E+06
1.000000E+18 , 1.000000E-07 , 1.000000E+09 , 9.300000E-01 , 2.087464E+06
1.000000E+19 , 1.000000E-11 , 1.000000E+09 , 9.300000E-01 , 3.745163E+05
1.000000E+19 , 1.000000E-10 , 1.000000E+09 , 9.300000E-01 , 3.694326E+05
1.000000E+19 , 1.000000E-09 , 1.000000E+09 , 9.300000E-01 , 3.537329E+05
1.000000E+19 , 1.000000E-08 , 1.000000E+09 , 9.300000E-01 , 3.078711E+05
1.000000E+19 , 1.000000E-07 , 1.000000E+09 , 9.300000E-01 , 2.087467E+05
1.000000E+13 , 1.000000E-11 , 1.000000E+10 , 9.300000E-01 , 5.216821E+09
1.000000E+13 , 1.000000E-10 , 1.000000E+10 , 9.300000E-01 , 5.136284E+09
1.000000E+13 , 1.000000E-09 , 1.000000E+10 , 9.300000E-01 , 4.897900E+09
1.000000E+13 , 1.000000E-08 , 1.000000E+10 , 9.300000E-01 , 4.289241E+09
1.000000E+13 , 1.000000E-07 , 1.000000E+10 , 9.300000E-01 , 3.412630E+09
1.000000E+14 , 1.000000E-11 , 1.000000E+10 , 9.300000E-01 , 2.392651E+09
1.000000E+14 , 1.000000E-10 , 1.000000E+10 , 9.300000E-01 , 2.309132E+09
1.000000E+14 , 1.000000E-09 , 1.000000E+10 , 9.300000E-01 , 2.067766E+09
1.000000E+14 , 1.000000E-08 , 1.000000E+10 , 9.300000E-01 , 1.493704E+09
1.000000E+14 , 1.000000E-07 , 1.000000E+10 , 9.300000E-01 , 8.899939E+08
1.000000E+15 , 1.000000E-11 , 1.000000E+10 , 9.300000E-01 , 2.574541E+08
1.000000E+15 , 1.000000E-10 , 1.000000E+10 , 9.300000E-01 , 2.496137E+08
1.000000E+15 , 1.000000E-09 , 1.000000E+10 , 9.300000E-01 , 2.263030E+08
1.000000E+15 , 1.000000E-08 , 1.000000E+10 , 9.300000E-01 , 1.651608E+08
1.000000E+15 , 1.000000E-07 , 1.000000E+10 , 9.300000E-01 , 9.143600E+07
1.000000E+16 , 1.000000E-11 , 1.000000E+10 , 9.300000E-01 , 2.577514E+07
1.000000E+16 , 1.000000E-10 , 1.000000E+10 , 9.300000E-01 , 2.501174E+07
1.000000E+16 , 1.000000E-09 , 1.000000E+10 , 9.300000E-01 , 2.273175E+07
1.000000E+16 , 1.000000E-08 , 1.000000E+10 , 9.300000E-01 , 1.666030E+07
1.000000E+16 , 1.000000E-07 , 1.000000E+10 , 9.300000E-01 , 9.126261E+06
1.000000E+17 , 1.000000E-11 , 1.000000E+10 , 9.300000E-01 , 2.577643E+06
1.000000E+17 , 1.000000E-10 , 1.000000E+10 , 9.300000E-01 , 2.501524E+06
1.000000E+17 , 1.000000E-09 , 1.000000E+10 , 9.300000E-01 , 2.274077E+06
1.000000E+17 , 1.000000E-08 , 1.000000E+10 , 9.300000E-01 , 1.667457E+06
1.000000E+17 , 1.000000E-07 , 1.000000E+10 , 9.300000E-01 , 9.124116E+05
1.000000E+18 , 1.000000E-11 , 1.000000E+10 , 9.300000E-01 , 2.577654E+05
1.000000E+18 , 1.000000E-10 , 1.000000E+10 , 9.300000E-01 , 2.501557E+05
1.000000E+18 , 1.000000E-09 , 1.000000E+10 , 9.300000E-01 , 2.274166E+05
1.000000E+18 , 1.000000E-08 , 1.000000E+10 , 9.300000E-01 , 1.667599E+05
1.000000E+18 , 1.000000E-07 , 1.000000E+10 , 9.300000E-01 , 9.123898E+04
1.000000E+19 , 1.000000E-11 , 1.000000E+10 , 9.300000E-01 , 2.577655E+04
1.000000E+19 , 1.000000E-10 , 1.000000E+10 , 9.300000E-01 , 2.501561E+04
1.000000E+19 , 1.000000E-09 , 1.000000E+10 , 9.300000E-01 , 2.274175E+04
1.000000E+19 , 1.000000E-08 , 1.000000E+10 , 9.300000E-01 , 1.667614E+04
1.000000E+19 , 1.000000E-07 , 1.000000E+10 , 9.300000E-01 , 9.123876E+03
1.000000E+13 , 1.000000E-11 , 1.000000E+07 , 9.400000E-01 , 1.170814E+09
1.000000E+13 , 1.000000E-10 , 1.000000E+07 , 9.400000E-01 , 1.170464E+09
1.000000E+13 , 1.000000E-09 , 1.000000E+07 , 9.400000E-01 , 1.169348E+09
1.000000E+13 , 1.000000E-08 , 1.000000E+07 , 9.400000E-01 , 1.165853E+09
1.000000E+13 , 1.000000E-07 , 1.000000E+07 , 9.400000E-01 , 1.155803E+09
1.000000E+14 , 1.000000E-11 , 1.000000E+07 , 9.400000E-01 , 1.170899E+08
1.000000E+14 , 1.000000E-10 , 1.000000E+07 , 9.400000E-01 , 1.170555E+08
1.000000E+14 , 1.000000E-09 , 1.000000E+07 , 9.400000E-01 , 1.169455E+08
1.000000E+14 , 1.000000E-08 , 1.000000E+07 , 9.400000E-01 , 1.166004E+08
1.000000E+14 , 1.000000E-07 , 1.000000E+07 , 9.400000E-01 , 1.156011E+08
1.000000E+15 , 1.000000E-11 , 1.000000E+07 , 9.400000E-01 , 1.170900E+07
1.000000E+15 , 1.000000E-10 , 1.000000E+07 , 9.400000E-01 , 1.170556E+07
1.000000E+15 , 1.000000E-09 , 1.000000E+07 , 9.400000E-01 , 1.169458E+07
1.000000E+15 , 1.000000E-08 , 1.000000E+07 , 9.400000E-01 , 1.166012E+07
1.000000E+15 , 1.000000E-07 , 1.000000E+07 , 9.400000E-01 , 1.156025E+07
1.000000E+16 , 1.000000E-11 , 1.000000E+07 , 9.400000E-01 , 1.170900E+06
1.000000E+16 , 1.000000E-10 , 1.000000E+07 , 9.400000E-01 , 1.170557E+06
1.000000E+16 , 1.000000E-09 , 1.000000E+07 , 9.400000E-01 , 1.169459E+06
1.000000E+16 , 1.000000E-08 , 1.000000E+07 , 9.400000E-01 , 1.166012E+06
1.000000E+16 , 1.000000E-07 , 1.000000E+07 , 9.400000E-01 , 1.156026E+06
1.000000E+17 , 1.000000E-11 , 1.000000E+07 , 9.400000E-01 , 1.170900E+05
1.000000E+17 , 1.000000E-10 , 1.000000E+07 , 9.400000E-01 , 1.170557E+05
1.000000E+17 , 1.000000E-09 , 1.000000E+07 , 9.400000E-01 , 1.169459E+05
1.000000E+17 , 1.000000E-08 , 1.000000E+07 , 9.400000E-01 , 1.166012E+05
1.000000E+17 , 1.000000E-07 , 1.000000E+07 , 9.400000E-01 , 1.156026E+05
1.000000E+18 , 1.000000E-11 , 1.000000E+07 , 9.400000E-01 , 1.170900E+04
1.000000E+18 , 1.000000E-10 , 1.000000E+07 , 9.400000E-01 , 1.170557E+04
1.000000E+18 , 1.000000E-09 , 1.000000E+07 , 9.400000E-01 , 1.169459E+04
1.000000E+18 , 1.000000E-08 , 1.000000E+07 , 9.400000E-01 , 1.166012E+04
1.000000E+18 , 1.000000E-07 , 1.000000E+07 , 9.400000E-01 , 1.156026E+04
1.000000E+19 , 1.000000E-11 , 1.000000E+07 , 9.400000E-01 , 1.170900E+03
1.000000E+19 , 1.000000E-10 , 1.000000E+07 , 9.400000E-01 , 1.170557E+03
1.000000E+19 , 1.000000E-09 , 1.000000E+07 , 9.400000E-01 , 1.169459E+03
1.000000E+19 , 1.000000E-08 , 1.000000E+07 , 9.400000E-01 , 1.166012E+03
1.000000E+19 , 1.000000E-07 , 1.000000E+07 , 9.400000E-01 , 1.156026E+03
1.000000E+13 , 1.000000E-11 , 1.000000E+08 , 9.400000E-01 , 4.382581E+09
1.000000E+13 , 1.000000E-10 , 1.000000E+08 , 9.400000E-01 , 4.369481E+09
1.000000E+13 , 1.000000E-09 , 1.000000E+08 , 9.400000E-01 , 4.328343E+09
1.000000E+13 , 1.000000E-08 , 1.000000E+08 , 9.400000E-01 , 4.203856E+09
1.000000E+13 , 1.000000E-07 , 1.000000E+08 , 9.400000E-01 , 3.880751E+09
1.000000E+14 , 1.000000E-11 , 1.000000E+08 , 9.400000E-01 , 4.465623E+08
1.000000E+14 , 1.000000E-10 , 1.000000E+08 , 9.400000E-01 , 4.453696E+08
1.000000E+14 , 1.000000E-09 , 1.000000E+08 , 9.400000E-01 , 4.415906E+08
1.000000E+14 , 1.000000E-08 , 1.000000E+08 , 9.400000E-01 , 4.299016E+08
1.000000E+14 , 1.000000E-07 , 1.000000E+08 , 9.400000E-01 , 3.974887E+08
1.000000E+15 , 1.000000E-11 , 1.000000E+08 , 9.400000E-01 , 4.466564E+07
1.000000E+15 , 1.000000E-10 , 1.000000E+08 , 9.400000E-01 , 4.454811E+07
1.000000E+15 , 1.000000E-09 , 1.000000E+08 , 9.400000E-01 , 4.417535E+07
1.000000E+15 , 1.000000E-08 , 1.000000E+08 , 9.400000E-01 , 4.301942E+07
1.000000E+15 , 1.000000E-07 , 1.000000E+08 , 9.400000E-01 , 3.979047E+07
1.000000E+16 , 1.000000E-11 , 1.000000E+08 , 9.400000E-01 , 4.466581E+06
1.000000E+16 , 1.000000E-10 , 1.000000E+08 , 9.400000E-01 , 4.454845E+06
1.000000E+16 , 1.000000E-09 , 1.000000E+08 , 9.400000E-01 , 4.417623E+06
1.000000E+16 , 1.000000E-08 , 1.000000E+08 , 9.400000E-01 , 4.302164E+06
1.000000E+16 , 1.000000E-07 , 1.000000E+08 , 9.400000E-01 , 3.979407E+06
1.000000E+17 , 1.000000E-11 , 1.000000E+08 , 9.400000E-01 , 4.466582E+05
1.000000E+17 , 1.000000E-10 , 1.000000E+08 , 9.400000E-01 , 4.454848E+05
1.000000E+17 , 1.000000E-09 , 1.000000E+08 , 9.400000E-01 , 4.417631E+05
1.000000E+17 , 1.000000E-08 , 1.000000E+08 , 9.400000E-01 , 4.302186E+05
1.000000E+17 , 1.000000E-07 , 1.000000E+08 , 9.400000E-01 , 3.979442E+05
1.000000E+18 , 1.000000E-11 , 1.000000E+08 , 9.400000E-01 , 4.466582E+04
1.000000E+18 , 1.000000E-10 , 1.000000E+08 , 9.400000E-01 , 4.454848E+04
1.000000E+18 , 1.000000E-09 , 1.000000E+08 , 9.400000E-01 , 4.417631E+04
1.000000E+18 , 1.000000E-08 , 1.000000E+08 , 9.400000E-01 , 4.302188E+04
1.000000E+18 , 1.000000E-07 , 1.000000E+08 , 9.400000E-01 , 3.979446E+04
1.000000E+19 , 1.000000E-11 , 1.000000E+08 , 9.400000E-01 , 4.466582E+03
1.000000E+19 , 1.000000E-10 , 1.000000E+08 , 9.400000E-01 , 4.454848E+03
1.000000E+19 , 1.000000E-09 , 1.000000E+08 , 9.400000E-01 , 4.417631E+03
1.000000E+19 , 1.000000E-08 , 1.000000E+08 , 9.400000E-01 , 4.302188E+03
1.000000E+19 , 1.000000E-07 , 1.000000E+08 , 9.400000E-01 , 3.979446E+03
1.000000E+13 , 1.000000E-11 , 1.000000E+09 , 9.400000E-01 , 1.060024E+10
1.000000E+13 , 1.000000E-10 , 1.000000E+09 , 9.400000E-01 , 1.045218E+10
1.000000E+13 , 1.000000E-09 , 1.000000E+09 , 9.400000E-01 , 1.000767E+10
1.000000E+13 , 1.000000E-08 , 1.000000E+09 , 9.400000E-01 , 8.822482E+09
1.000000E+13 , 1.000000E-07 , 1.000000E+09 , 9.400000E-01 , 6.816392E+09
1.000000E+14 , 1.000000E-11 , 1.000000E+09 , 9.400000E-01 , 6.490114E+10
1.000000E+14 , 1.000000E-10 , 1.000000E+09 , 9.400000E-01 , 6.390441E+10
1.000000E+14 , 1.000000E-09 , 1.000000E+09 , 9.400000E-01 , 6.085680E+10
1.000000E+14 , 1.000000E-08 , 1.000000E+09 , 9.400000E-01 , 5.222119E+10
1.000000E+14 , 1.000000E-07 , 1.000000E+09 , 9.400000E-01 , 3.489246E+10
1.000000E+15 , 1.000000E-11 , 1.000000E+09 , 9.400000E-01 , 3.420589E+10
1.000000E+15 , 1.000000E-10 , 1.000000E+09 , 9.400000E-01 , 3.372126E+10
1.000000E+15 , 1.000000E-09 , 1.000000E+09 , 9.400000E-01 , 3.222763E+10
1.000000E+15 , 1.000000E-08 , 1.000000E+09 , 9.400000E-01 , 2.788732E+10
1.000000E+15 , 1.000000E-07 , 1.000000E+09 , 9.400000E-01 , 1.848018E+10
1.000000E+16 , 1.000000E-11 , 1.000000E+09 , 9.400000E-01 , 3.573848E+09
1.000000E+16 , 1.000000E-10 , 1.000000E+09 , 9.400000E-01 , 3.523701E+09
1.000000E+16 , 1.000000E-09 , 1.000000E+09 , 9.400000E-01 , 3.369005E+09
1.000000E+16 , 1.000000E-08 , 1.000000E+09 , 9.400000E-01 , 2.918221E+09
1.000000E+16 , 1.000000E-07 , 1.000000E+09 , 9.400000E-01 , 1.932699E+09
1.000000E+17 , 1.000000E-11 , 1.000000E+09 , 9.400000E-01 , 3.575471E+08
1.000000E+17 , 1.000000E-10 , 1.000000E+09 , 9.400000E-01 , 3.525350E+08
1.000000E+17 , 1.000000E-09 , 1.000000E+09 , 9.400000E-01 , 3.370721E+08
1.000000E+17 , 1.000000E-08 , 1.000000E+09 , 9.400000E-01 , 2.920008E+08
1.000000E+17 , 1.000000E-07 , 1.000000E+09 , 9.400000E-01 , 1.933774E+08
1.000000E+18 , 1.000000E-11 , 1.000000E+09 , 9.400000E-01 , 3.575489E+07
1.000000E+18 , 1.000000E-10 , 1.000000E+09 , 9.400000E-01 , 3.525373E+07
1.000000E+18 , 1.000000E-09 , 1.000000E+09 , 9.400000E-01 , 3.370757E+07
1.000000E+18 , 1.000000E-08 , 1.000000E+09 , 9.400000E-01 , 2.920069E+07
1.000000E+18 , 1.000000E-07 , 1.000000E+09 , 9.400000E-01 , 1.933804E+07
1.000000E+19 , 1.000000E-11 , 1.000000E+09 , 9.400000E-01 , 3.575490E+06
1.000000E+19 , 1.000000E-10 , 1.000000E+09 , 9.400000E-01 , 3.525374E+06
1.000000E+19 , 1.000000E-09 , 1.000000E+09 , 9.400000E-01 , 3.370760E+06
1.000000E+19 , 1.000000E-08 , 1.000000E+09 , 9.400000E-01 , 2.920074E+06
1.000000E+19 , 1.000000E-07 , 1.000000E+09 , 9.400000E-01 , 1.933806E+06
1.000000E+13 , 1.000000E-11 , 1.000000E+10 , 9.400000E-01 , 5.819677E+09
1.000000E+13 , 1.000000E-10 , 1.000000E+10 , 9.400000E-01 , 5.724712E+09
1.000000E+13 , 1.000000E-09 , 1.000000E+10 , 9.400000E-01 , 5.443080E+09
1.000000E+13 , 1.000000E-08 , 1.000000E+10 , 9.400000E-01 , 4.719186E+09
1.000000E+13 , 1.000000E-07 , 1.000000E+10 , 9.400000E-01 , 3.626934E+09
1.000000E+14 , 1.000000E-11 , 1.000000E+10 , 9.400000E-01 , 2.130159E+09
1.000000E+14 , 1.000000E-10 , 1.000000E+10 , 9.400000E-01 , 2.055176E+09
1.000000E+14 , 1.000000E-09 , 1.000000E+10 , 9.400000E-01 , 1.838608E+09
1.000000E+14 , 1.000000E-08 , 1.000000E+10 , 9.400000E-01 , 1.324031E+09
1.000000E+14 , 1.000000E-07 , 1.000000E+10 , 9.400000E-01 , 7.777734E+08
1.000000E+15 , 1.000000E-11 , 1.000000E+10 , 9.400000E-01 , 2.234995E+08
1.000000E+15 , 1.000000E-10 , 1.000000E+10 , 9.400000E-01 , 2.166227E+08
1.000000E+15 , 1.000000E-09 , 1.000000E+10 , 9.400000E-01 , 1.961928E+08
1.000000E+15 , 1.000000E-08 , 1.000000E+10 , 9.400000E-01 , 1.426930E+08
1.000000E+15 , 1.000000E-07 , 1.000000E+10 , 9.400000E-01 , 7.781121E+07
1.000000E+16 , 1.000000E-11 , 1.000000E+10 , 9.400000E-01 , 2.236961E+07
1.000000E+16 , 1.000000E-10 , 1.000000E+10 , 9.400000E-01 , 2.169986E+07
1.000000E+16 , 1.000000E-09 , 1.000000E+10 , 9.400000E-01 , 1.970115E+07
1.000000E+16 , 1.000000E-08 , 1.000000E+10 , 9.400000E-01 , 1.438804E+07
1.000000E+16 , 1.000000E-07 , 1.000000E+10 , 9.400000E-01 , 7.760394E+06
1.000000E+17 , 1.000000E-11 , 1.000000E+10 , 9.400000E-01 , 2.237067E+06
1.000000E+17 , 1.000000E-10 , 1.000000E+10 , 9.400000E-01 , 2.170281E+06
1.000000E+17 , 1.000000E-09 , 1.000000E+10 , 9.400000E-01 , 1.970884E+06
1.000000E+17 , 1.000000E-08 , 1.000000E+10 , 9.400000E-01 , 1.440012E+06
1.000000E+17 , 1.000000E-07 , 1.000000E+10 , 9.400000E-01 , 7.758131E+05
1.000000E+18 , 1.000000E-11 , 1.000000E+10 , 9.400000E-01 , 2.237076E+05
1.000000E+18 , 1.000000E-10 , 1.000000E+10 , 9.400000E-01 , 2.170310E+05
1.000000E+18 , 1.000000E-09 , 1.000000E+10 , 9.400000E-01 , 1.970960E+05
1.000000E+18 , 1.000000E-08 , 1.000000E+10 , 9.400000E-01 , 1.440132E+05
1.000000E+18 , 1.000000E-07 , 1.000000E+10 , 9.400000E-01 , 7.757903E+04
1.000000E+19 , 1.000000E-11 , 1.000000E+10 , 9.400000E-01 , 2.237077E+04
1.000000E+19 , 1.000000E-10 , 1.000000E+10 , 9.400000E-01 , 2.170312E+04
1.000000E+19 , 1.000000E-09 , 1.000000E+10 , 9.400000E-01 , 1.970967E+04
1.000000E+19 , 1.000000E-08 , 1.000000E+10 , 9.400000E-01 , 1.440145E+04
1.000000E+19 , 1.000000E-07 , 1.000000E+10 , 9.400000E-01 , 7.757880E+03
1.000000E+13 , 1.000000E-11 , 1.000000E+07 , 9.500000E-01 , 1.186302E+09
1.000000E+13 , 1.000000E-10 , 1.000000E+07 , 9.500000E-01 , 1.185911E+09
1.000000E+13 , 1.000000E-09 , 1.000000E+07 , 9.500000E-01 , 1.184661E+09
1.000000E+13 , 1.000000E-08 , 1.000000E+07 , 9.500000E-01 , 1.180744E+09
1.000000E+13 , 1.000000E-07 , 1.000000E+07 , 9.500000E-01 , 1.169302E+09
1.000000E+14 , 1.000000E-11 , 1.000000E+07 , 9.500000E-01 , 1.186393E+08
1.000000E+14 , 1.000000E-10 , 1.000000E+07 , 9.500000E-01 , 1.186009E+08
1.000000E+14 , 1.000000E-09 , 1.000000E+07 , 9.500000E-01 , 1.184778E+08
1.000000E+14 , 1.000000E-08 , 1.000000E+07 , 9.500000E-01 , 1.180911E+08
1.000000E+14 , 1.000000E-07 , 1.000000E+07 , 9.500000E-01 , 1.169543E+08
1.000000E+15 , 1.000000E-11 , 1.000000E+07 , 9.500000E-01 , 1.186394E+07
1.000000E+15 , 1.000000E-10 , 1.000000E+07 , 9.500000E-01 , 1.186010E+07
1.000000E+15 , 1.000000E-09 , 1.000000E+07 , 9.500000E-01 , 1.184781E+07
1.000000E+15 , 1.000000E-08 , 1.000000E+07 , 9.500000E-01 , 1.180919E+07
1.000000E+15 , 1.000000E-07 , 1.000000E+07 , 9.500000E-01 , 1.169559E+07
1.000000E+16 , 1.000000E-11 , 1.000000E+07 , 9.500000E-01 , 1.186394E+06
1.000000E+16 , 1.000000E-10 , 1.000000E+07 , 9.500000E-01 , 1.186010E+06
1.000000E+16 , 1.000000E-09 , 1.000000E+07 , 9.500000E-01 , 1.184782E+06
1.000000E+16 , 1.000000E-08 , 1.000000E+07 , 9.500000E-01 , 1.180920E+06
1.000000E+16 , 1.000000E-07 , 1.000000E+07 , 9.500000E-01 , 1.169561E+06
1.000000E+17 , 1.000000E-11 , 1.000000E+07 , 9.500000E-01 , 1.186394E+05
1.000000E+17 , 1.000000E-10 , 1.000000E+07 , 9.500000E-01 , 1.186010E+05
1.000000E+17 , 1.000000E-09 , 1.000000E+07 , 9.500000E-01 , 1.184782E+05
1.000000E+17 , 1.000000E-08 , 1.000000E+07 , 9.500000E-01 , 1.180920E+05
1.000000E+17 , 1.000000E-07 , 1.000000E+07 , 9.500000E-01 , 1.169561E+05
1.000000E+18 , 1.000000E-11 , 1.000000E+07 , 9.500000E-01 , 1.186394E+04
1.000000E+18 , 1.000000E-10 , 1.000000E+07 , 9.500000E-01 , 1.186010E+04
1.000000E+18 , 1.000000E-09 , 1.000000E+07 , 9.500000E-01 , 1.184782E+04
1.000000E+18 , 1.000000E-08 , 1.000000E+07 , 9.500000E-01 , 1.180920E+04
1.000000E+18 , 1.000000E-07 , 1.000000E+07 , 9.500000E-01 , 1.169561E+04
1.000000E+19 , 1.000000E-11 , 1.000000E+07 , 9.500000E-01 , 1.186394E+03
1.000000E+19 , 1.000000E-10 , 1.000000E+07 , 9.500000E-01 , 1.186010E+03
1.000000E+19 , 1.000000E-09 , 1.000000E+07 , 9.500000E-01 , 1.184782E+03
1.000000E+19 , 1.000000E-08 , 1.000000E+07 , 9.500000E-01 , 1.180920E+03
1.000000E+19 , 1.000000E-07 , 1.000000E+07 , 9.500000E-01 , 1.169561E+03
1.000000E+13 , 1.000000E-11 , 1.000000E+08 , 9.500000E-01 , 4.926906E+09
1.000000E+13 , 1.000000E-10 , 1.000000E+08 , 9.500000E-01 , 4.910955E+09
1.000000E+13 , 1.000000E-09 , 1.000000E+08 , 9.500000E-01 , 4.860804E+09
1.000000E+13 , 1.000000E-08 , 1.000000E+08 , 9.500000E-01 , 4.708775E+09
1.000000E+13 , 1.000000E-07 , 1.000000E+08 , 9.500000E-01 , 4.307170E+09
1.000000E+14 , 1.000000E-11 , 1.000000E+08 , 9.500000E-01 , 5.038809E+08
1.000000E+14 , 1.000000E-10 , 1.000000E+08 , 9.500000E-01 , 5.024226E+08
1.000000E+14 , 1.000000E-09 , 1.000000E+08 , 9.500000E-01 , 4.977983E+08
1.000000E+14 , 1.000000E-08 , 1.000000E+08 , 9.500000E-01 , 4.834921E+08
1.000000E+14 , 1.000000E-07 , 1.000000E+08 , 9.500000E-01 , 4.433006E+08
1.000000E+15 , 1.000000E-11 , 1.000000E+08 , 9.500000E-01 , 5.040068E+07
1.000000E+15 , 1.000000E-10 , 1.000000E+08 , 9.500000E-01 , 5.025696E+07
1.000000E+15 , 1.000000E-09 , 1.000000E+08 , 9.500000E-01 , 4.980076E+07
1.000000E+15 , 1.000000E-08 , 1.000000E+08 , 9.500000E-01 , 4.838609E+07
1.000000E+15 , 1.000000E-07 , 1.000000E+08 , 9.500000E-01 , 4.438432E+07
1.000000E+16 , 1.000000E-11 , 1.000000E+08 , 9.500000E-01 , 5.040089E+06
1.000000E+16 , 1.000000E-10 , 1.000000E+08 , 9.500000E-01 , 5.025739E+06
1.000000E+16 , 1.000000E-09 , 1.000000E+08 , 9.500000E-01 , 4.980184E+06
1.000000E+16 , 1.000000E-08 , 1.000000E+08 , 9.500000E-01 , 4.838882E+06
1.000000E+16 , 1.000000E-07 , 1.000000E+08 , 9.500000E-01 , 4.438897E+06
1.000000E+17 , 1.000000E-11 , 1.000000E+08 , 9.500000E-01 , 5.040091E+05
1.000000E+17 , 1.000000E-10 , 1.000000E+08 , 9.500000E-01 , 5.025743E+05
1.000000E+17 , 1.000000E-09 , 1.000000E+08 , 9.500000E-01 , 4.980193E+05
1.000000E+17 , 1.000000E-08 , 1.000000E+08 , 9.500000E-01 , 4.838909E+05
1.000000E+17 , 1.000000E-07 , 1.000000E+08 , 9.500000E-01 , 4.438943E+05
1.000000E+18 , 1.000000E-11 , 1.000000E+08 , 9.500000E-01 , 5.040091E+04
1.000000E+18 , 1.000000E-10 , 1.000000E+08 , 9.500000E-01 , 5.025743E+04
1.000000E+18 , 1.000000E-09 , 1.000000E+08 , 9.500000E-01 , 4.980194E+04
1.000000E+18 , 1.000000E-08 , 1.000000E+08 , 9.500000E-01 , 4.838912E+04
1.000000E+18 , 1.000000E-07 , 1.000000E+08 , 9.500000E-01 , 4.438948E+04
1.000000E+19 , 1.000000E-11 , 1.000000E+08 , 9.500000E-01 , 5.040091E+03
1.000000E+19 , 1.000000E-10 , 1.000000E+08 , 9.500000E-01 , 5.025743E+03
1.000000E+19 , 1.000000E-09 , 1.000000E+08 , 9.500000E-01 , 4.980194E+03
1.000000E+19 , 1.000000E-08 , 1.000000E+08 , 9.500000E-01 , 4.838912E+03
1.000000E+19 , 1.000000E-07 , 1.000000E+08 , 9.500000E-01 , 4.438948E+03
1.000000E+13 , 1.000000E-11 , 1.000000E+09 , 9.500000E-01 , 1.288511E+10
1.000000E+13 , 1.000000E-10 , 1.000000E+09 , 9.500000E-01 , 1.269605E+10
1.000000E+13 , 1.000000E-09 , 1.000000E+09 , 9.500000E-01 , 1.212785E+10
1.000000E+13 , 1.000000E-08 , 1.000000E+09 , 9.500000E-01 , 1.060734E+10
1.000000E+13 , 1.000000E-07 , 1.000000E+09 , 9.500000E-01 , 7.956948E+09
1.000000E+14 , 1.000000E-11 , 1.000000E+09 , 9.500000E-01 , 6.846297E+10
1.000000E+14 , 1.000000E-10 , 1.000000E+09 , 9.500000E-01 , 6.737868E+10
1.000000E+14 , 1.000000E-09 , 1.000000E+09 , 9.500000E-01 , 6.406601E+10
1.000000E+14 , 1.000000E-08 , 1.000000E+09 , 9.500000E-01 , 5.469466E+10
1.000000E+14 , 1.000000E-07 , 1.000000E+09 , 9.500000E-01 , 3.565079E+10
1.000000E+15 , 1.000000E-11 , 1.000000E+09 , 9.500000E-01 , 2.016578E+10
1.000000E+15 , 1.000000E-10 , 1.000000E+09 , 9.500000E-01 , 1.987060E+10
1.000000E+15 , 1.000000E-09 , 1.000000E+09 , 9.500000E-01 , 1.896181E+10
1.000000E+15 , 1.000000E-08 , 1.000000E+09 , 9.500000E-01 , 1.632729E+10
1.000000E+15 , 1.000000E-07 , 1.000000E+09 , 9.500000E-01 , 1.055209E+10
1.000000E+16 , 1.000000E-11 , 1.000000E+09 , 9.500000E-01 , 2.056796E+09
1.000000E+16 , 1.000000E-10 , 1.000000E+09 , 9.500000E-01 , 2.026971E+09
1.000000E+16 , 1.000000E-09 , 1.000000E+09 , 9.500000E-01 , 1.935067E+09
1.000000E+16 , 1.000000E-08 , 1.000000E+09 , 9.500000E-01 , 1.667920E+09
1.000000E+16 , 1.000000E-07 , 1.000000E+09 , 9.500000E-01 , 1.077285E+09
1.000000E+17 , 1.000000E-11 , 1.000000E+09 , 9.500000E-01 , 2.057219E+08
1.000000E+17 , 1.000000E-10 , 1.000000E+09 , 9.500000E-01 , 2.027415E+08
1.000000E+17 , 1.000000E-09 , 1.000000E+09 , 9.500000E-01 , 1.935572E+08
1.000000E+17 , 1.000000E-08 , 1.000000E+09 , 9.500000E-01 , 1.668529E+08
1.000000E+17 , 1.000000E-07 , 1.000000E+09 , 9.500000E-01 , 1.077615E+08
1.000000E+18 , 1.000000E-11 , 1.000000E+09 , 9.500000E-01 , 2.057224E+07
1.000000E+18 , 1.000000E-10 , 1.000000E+09 , 9.500000E-01 , 2.027424E+07
1.000000E+18 , 1.000000E-09 , 1.000000E+09 , 9.500000E-01 , 1.935588E+07
1.000000E+18 , 1.000000E-08 , 1.000000E+09 , 9.500000E-01 , 1.668560E+07
1.000000E+18 , 1.000000E-07 , 1.000000E+09 , 9.500000E-01 , 1.077629E+07
1.000000E+19 , 1.000000E-11 , 1.000000E+09 , 9.500000E-01 , 2.057224E+06
1.000000E+19 , 1.000000E-10 , 1.000000E+09 , 9.500000E-01 , 2.027424E+06
1.000000E+19 , 1.000000E-09 , 1.000000E+09 , 9.500000E-01 , 1.935590E+06
1.000000E+19 , 1.000000E-08 , 1.000000E+09 , 9.500000E-01 , 1.668563E+06
1.000000E+19 , 1.000000E-07 , 1.000000E+09 , 9.500000E-01 , 1.077630E+06
1.000000E+13 , 1.000000E-11 , 1.000000E+10 , 9.500000E-01 , 6.640858E+09
1.000000E+13 , 1.000000E-10 , 1.000000E+10 , 9.500000E-01 , 6.526446E+09
1.000000E+13 , 1.000000E-09 , 1.000000E+10 , 9.500000E-01 , 6.186518E+09
1.000000E+13 , 1.000000E-08 , 1.000000E+10 , 9.500000E-01 , 5.307492E+09
1.000000E+13 , 1.000000E-07 , 1.000000E+10 , 9.500000E-01 , 3.925409E+09
1.000000E+14 , 1.000000E-11 , 1.000000E+10 , 9.500000E-01 , 1.896571E+09
1.000000E+14 , 1.000000E-10 , 1.000000E+10 , 9.500000E-01 , 1.829270E+09
1.000000E+14 , 1.000000E-09 , 1.000000E+10 , 9.500000E-01 , 1.635007E+09
1.000000E+14 , 1.000000E-08 , 1.000000E+10 , 9.500000E-01 , 1.173925E+09
1.000000E+14 , 1.000000E-07 , 1.000000E+10 , 9.500000E-01 , 6.800206E+08
1.000000E+15 , 1.000000E-11 , 1.000000E+10 , 9.500000E-01 , 1.954694E+08
1.000000E+15 , 1.000000E-10 , 1.000000E+10 , 9.500000E-01 , 1.893936E+08
1.000000E+15 , 1.000000E-09 , 1.000000E+10 , 9.500000E-01 , 1.713573E+08
1.000000E+15 , 1.000000E-08 , 1.000000E+10 , 9.500000E-01 , 1.242043E+08
1.000000E+15 , 1.000000E-07 , 1.000000E+10 , 9.500000E-01 , 6.669663E+07
1.000000E+16 , 1.000000E-11 , 1.000000E+10 , 9.500000E-01 , 1.956041E+07
1.000000E+16 , 1.000000E-10 , 1.000000E+10 , 9.500000E-01 , 1.896844E+07
1.000000E+16 , 1.000000E-09 , 1.000000E+10 , 9.500000E-01 , 1.720331E+07
1.000000E+16 , 1.000000E-08 , 1.000000E+10 , 9.500000E-01 , 1.251956E+07
1.000000E+16 , 1.000000E-07 , 1.000000E+10 , 9.500000E-01 , 6.647013E+06
1.000000E+17 , 1.000000E-11 , 1.000000E+10 , 9.500000E-01 , 1.956128E+06
1.000000E+17 , 1.000000E-10 , 1.000000E+10 , 9.500000E-01 , 1.897096E+06
1.000000E+17 , 1.000000E-09 , 1.000000E+10 , 9.500000E-01 , 1.720992E+06
1.000000E+17 , 1.000000E-08 , 1.000000E+10 , 9.500000E-01 , 1.252985E+06
1.000000E+17 , 1.000000E-07 , 1.000000E+10 , 9.500000E-01 , 6.644673E+05
1.000000E+18 , 1.000000E-11 , 1.000000E+10 , 9.500000E-01 , 1.956136E+05
1.000000E+18 , 1.000000E-10 , 1.000000E+10 , 9.500000E-01 , 1.897120E+05
1.000000E+18 , 1.000000E-09 , 1.000000E+10 , 9.500000E-01 , 1.721058E+05
1.000000E+18 , 1.000000E-08 , 1.000000E+10 , 9.500000E-01 , 1.253088E+05
1.000000E+18 , 1.000000E-07 , 1.000000E+10 , 9.500000E-01 , 6.644438E+04
1.000000E+19 , 1.000000E-11 , 1.000000E+10 , 9.500000E-01 , 1.956137E+04
1.000000E+19 , 1.000000E-10 , 1.000000E+10 , 9.500000E-01 , 1.897123E+04
1.000000E+19 , 1.000000E-09 , 1.000000E+10 , 9.500000E-01 , 1.721064E+04
1.000000E+19 , 1.000000E-08 , 1.000000E+10 , 9.500000E-01 , 1.253098E+04
1.000000E+19 , 1.000000E-07 , 1.000000E+10 , 9.500000E-01 , 6.644414E+03
1.000000E+13 , 1.000000E-11 , 1.000000E+07 , 9.600000E-01 , 1.209858E+09
1.000000E+13 , 1.000000E-10 , 1.000000E+07 , 9.600000E-01 , 1.209411E+09
1.000000E+13 , 1.000000E-09 , 1.000000E+07 , 9.600000E-01 , 1.207976E+09
1.000000E+13 , 1.000000E-08 , 1.000000E+07 , 9.600000E-01 , 1.203472E+09
1.000000E+13 , 1.000000E-07 , 1.000000E+07 , 9.600000E-01 , 1.190118E+09
1.000000E+14 , 1.000000E-11 , 1.000000E+07 , 9.600000E-01 , 1.209960E+08
1.000000E+14 , 1.000000E-10 , 1.000000E+07 , 9.600000E-01 , 1.209520E+08
1.000000E+14 , 1.000000E-09 , 1.000000E+07 , 9.600000E-01 , 1.208107E+08
1.000000E+14 , 1.000000E-08 , 1.000000E+07 , 9.600000E-01 , 1.203662E+08
1.000000E+14 , 1.000000E-07 , 1.000000E+07 , 9.600000E-01 , 1.190406E+08
1.000000E+15 , 1.000000E-11 , 1.000000E+07 , 9.600000E-01 , 1.209961E+07
1.000000E+15 , 1.000000E-10 , 1.000000E+07 , 9.600000E-01 , 1.209522E+07
1.000000E+15 , 1.000000E-09 , 1.000000E+07 , 9.600000E-01 , 1.208111E+07
1.000000E+15 , 1.000000E-08 , 1.000000E+07 , 9.600000E-01 , 1.203672E+07
1.000000E+15 , 1.000000E-07 , 1.000000E+07 , 9.600000E-01 , 1.190426E+07
1.000000E+16 , 1.000000E-11 , 1.000000E+07 , 9.600000E-01 , 1.209961E+06
1.000000E+16 , 1.000000E-10 , 1.000000E+07 , 9.600000E-01 , 1.209522E+06
1.000000E+16 , 1.000000E-09 , 1.000000E+07 , 9.600000E-01 , 1.208112E+06
1.000000E+16 , 1.000000E-08 , 1.000000E+07 , 9.600000E-01 , 1.203673E+06
1.000000E+16 , 1.000000E-07 , 1.000000E+07 , 9.600000E-01 , 1.190428E+06
1.000000E+17 , 1.000000E-11 , 1.000000E+07 , 9.600000E-01 , 1.209961E+05
1.000000E+17 , 1.000000E-10 , 1.000000E+07 , 9.600000E-01 , 1.209522E+05
1.000000E+17 , 1.000000E-09 , 1.000000E+07 , 9.600000E-01 , 1.208112E+05
1.000000E+17 , 1.000000E-08 , 1.000000E+07 , 9.600000E-01 , 1.203673E+05
1.000000E+17 , 1.000000E-07 , 1.000000E+07 , 9.600000E-01 , 1.190429E+05
1.000000E+18 , 1.000000E-11 , 1.000000E+07 , 9.600000E-01 , 1.209961E+04
1.000000E+18 , 1.000000E-10 , 1.000000E+07 , 9.600000E-01 , 1.209522E+04
1.000000E+18 , 1.000000E-09 , 1.000000E+07 , 9.600000E-01 , 1.208112E+04
1.000000E+18 , 1.000000E-08 , 1.000000E+07 , 9.600000E-01 , 1.203673E+04
1.000000E+18 , 1.000000E-07 , 1.000000E+07 , 9.600000E-01 , 1.190429E+04
1.000000E+19 , 1.000000E-11 , 1.000000E+07 , 9.600000E-01 , 1.209961E+03
1.000000E+19 , 1.000000E-10 , 1.000000E+07 , 9.600000E-01 , 1.209522E+03
1.000000E+19 , 1.000000E-09 , 1.000000E+07 , 9.600000E-01 , 1.208112E+03
1.000000E+19 , 1.000000E-08 , 1.000000E+07 , 9.600000E-01 , 1.203673E+03
1.000000E+19 , 1.000000E-07 , 1.000000E+07 , 9.600000E-01 , 1.190429E+03
1.000000E+13 , 1.000000E-11 , 1.000000E+08 , 9.600000E-01 , 5.860028E+09
1.000000E+13 , 1.000000E-10 , 1.000000E+08 , 9.600000E-01 , 5.839256E+09
1.000000E+13 , 1.000000E-09 , 1.000000E+08 , 9.600000E-01 , 5.773852E+09
1.000000E+13 , 1.000000E-08 , 1.000000E+08 , 9.600000E-01 , 5.575271E+09
1.000000E+13 , 1.000000E-07 , 1.000000E+08 , 9.600000E-01 , 5.042110E+09
1.000000E+14 , 1.000000E-11 , 1.000000E+08 , 9.600000E-01 , 6.026418E+08
1.000000E+14 , 1.000000E-10 , 1.000000E+08 , 9.600000E-01 , 6.007310E+08
1.000000E+14 , 1.000000E-09 , 1.000000E+08 , 9.600000E-01 , 5.946645E+08
1.000000E+14 , 1.000000E-08 , 1.000000E+08 , 9.600000E-01 , 5.758998E+08
1.000000E+14 , 1.000000E-07 , 1.000000E+08 , 9.600000E-01 , 5.225840E+08
1.000000E+15 , 1.000000E-11 , 1.000000E+08 , 9.600000E-01 , 6.028278E+07
1.000000E+15 , 1.000000E-10 , 1.000000E+08 , 9.600000E-01 , 6.009441E+07
1.000000E+15 , 1.000000E-09 , 1.000000E+08 , 9.600000E-01 , 5.949581E+07
1.000000E+15 , 1.000000E-08 , 1.000000E+08 , 9.600000E-01 , 5.764023E+07
1.000000E+15 , 1.000000E-07 , 1.000000E+08 , 9.600000E-01 , 5.233439E+07
1.000000E+16 , 1.000000E-11 , 1.000000E+08 , 9.600000E-01 , 6.028308E+06
1.000000E+16 , 1.000000E-10 , 1.000000E+08 , 9.600000E-01 , 6.009500E+06
1.000000E+16 , 1.000000E-09 , 1.000000E+08 , 9.600000E-01 , 5.949723E+06
1.000000E+16 , 1.000000E-08 , 1.000000E+08 , 9.600000E-01 , 5.764383E+06
1.000000E+16 , 1.000000E-07 , 1.000000E+08 , 9.600000E-01 , 5.234083E+06
1.000000E+17 , 1.000000E-11 , 1.000000E+08 , 9.600000E-01 , 6.028310E+05
1.000000E+17 , 1.000000E-10 , 1.000000E+08 , 9.600000E-01 , 6.009504E+05
1.000000E+17 , 1.000000E-09 , 1.000000E+08 , 9.600000E-01 , 5.949735E+05
1.000000E+17 , 1.000000E-08 , 1.000000E+08 , 9.600000E-01 , 5.764417E+05
1.000000E+17 , 1.000000E-07 , 1.000000E+08 , 9.600000E-01 , 5.234146E+05
1.000000E+18 , 1.000000E-11 , 1.000000E+08 , 9.600000E-01 , 6.028310E+04
1.000000E+18 , 1.000000E-10 , 1.000000E+08 , 9.600000E-01 , 6.009504E+04
1.000000E+18 , 1.000000E-09 , 1.000000E+08 , 9.600000E-01 , 5.949737E+04
1.000000E+18 , 1.000000E-08 , 1.000000E+08 , 9.600000E-01 , 5.764421E+04
1.000000E+18 , 1.000000E-07 , 1.000000E+08 , 9.600000E-01 , 5.234152E+04
1.000000E+19 , 1.000000E-11 , 1.000000E+08 , 9.600000E-01 , 6.028310E+03
1.000000E+19 , 1.000000E-10 , 1.000000E+08 , 9.600000E-01 , 6.009504E+03
1.000000E+19 , 1.000000E-09 , 1.000000E+08 , 9.600000E-01 , 5.949737E+03
1.000000E+19 , 1.000000E-08 , 1.000000E+08 , 9.600000E-01 , 5.764421E+03
1.000000E+19 , 1.000000E-07 , 1.000000E+08 , 9.600000E-01 , 5.234153E+03
1.000000E+13 , 1.000000E-11 , 1.000000E+09 , 9.600000E-01 , 1.602413E+10
1.000000E+13 , 1.000000E-10 , 1.000000E+09 , 9.600000E-01 , 1.577709E+10
1.000000E+13 , 1.000000E-09 , 1.000000E+09 , 9.600000E-01 , 1.503396E+10
1.000000E+13 , 1.000000E-08 , 1.000000E+09 , 9.600000E-01 , 1.303908E+10
1.000000E+13 , 1.000000E-07 , 1.000000E+09 , 9.600000E-01 , 9.468649E+09
1.000000E+14 , 1.000000E-11 , 1.000000E+09 , 9.600000E-01 , 2.016840E+10
1.000000E+14 , 1.000000E-10 , 1.000000E+09 , 9.600000E-01 , 1.983880E+10
1.000000E+14 , 1.000000E-09 , 1.000000E+09 , 9.600000E-01 , 1.883276E+10
1.000000E+14 , 1.000000E-08 , 1.000000E+09 , 9.600000E-01 , 1.599238E+10
1.000000E+14 , 1.000000E-07 , 1.000000E+09 , 9.600000E-01 , 1.015517E+10
1.000000E+15 , 1.000000E-11 , 1.000000E+09 , 9.600000E-01 , 2.341007E+09
1.000000E+15 , 1.000000E-10 , 1.000000E+09 , 9.600000E-01 , 2.305571E+09
1.000000E+15 , 1.000000E-09 , 1.000000E+09 , 9.600000E-01 , 2.196607E+09
1.000000E+15 , 1.000000E-08 , 1.000000E+09 , 9.600000E-01 , 1.881598E+09
1.000000E+15 , 1.000000E-07 , 1.000000E+09 , 9.600000E-01 , 1.184196E+09
1.000000E+16 , 1.000000E-11 , 1.000000E+09 , 9.600000E-01 , 2.344920E+08
1.000000E+16 , 1.000000E-10 , 1.000000E+09 , 9.600000E-01 , 2.309747E+08
1.000000E+16 , 1.000000E-09 , 1.000000E+09 , 9.600000E-01 , 2.201500E+08
1.000000E+16 , 1.000000E-08 , 1.000000E+09 , 9.600000E-01 , 1.887743E+08
1.000000E+16 , 1.000000E-07 , 1.000000E+09 , 9.600000E-01 , 1.187269E+08
1.000000E+17 , 1.000000E-11 , 1.000000E+09 , 9.600000E-01 , 2.344973E+07
1.000000E+17 , 1.000000E-10 , 1.000000E+09 , 9.600000E-01 , 2.309832E+07
1.000000E+17 , 1.000000E-09 , 1.000000E+09 , 9.600000E-01 , 2.201674E+07
1.000000E+17 , 1.000000E-08 , 1.000000E+09 , 9.600000E-01 , 1.888090E+07
1.000000E+17 , 1.000000E-07 , 1.000000E+09 , 9.600000E-01 , 1.187411E+07
1.000000E+18 , 1.000000E-11 , 1.000000E+09 , 9.600000E-01 , 2.344975E+06
1.000000E+18 , 1.000000E-10 , 1.000000E+09 , 9.600000E-01 , 2.309837E+06
1.000000E+18 , 1.000000E-09 , 1.000000E+09 , 9.600000E-01 , 2.201688E+06
1.000000E+18 , 1.000000E-08 , 1.000000E+09 , 9.600000E-01 , 1.888122E+06
1.000000E+18 , 1.000000E-07 , 1.000000E+09 , 9.600000E-01 , 1.187424E+06
1.000000E+19 , 1.000000E-11 , 1.000000E+09 , 9.600000E-01 , 2.344975E+05
1.000000E+19 , 1.000000E-10 , 1.000000E+09 , 9.600000E-01 , 2.309837E+05
1.000000E+19 , 1.000000E-09 , 1.000000E+09 , 9.600000E-01 , 2.201689E+05
1.000000E+19 , 1.000000E-08 , 1.000000E+09 , 9.600000E-01 , 1.888126E+05
1.000000E+19 , 1.000000E-07 , 1.000000E+09 , 9.600000E-01 , 1.187425E+05
1.000000E+13 , 1.000000E-11 , 1.000000E+10 , 9.600000E-01 , 7.746022E+09
1.000000E+13 , 1.000000E-10 , 1.000000E+10 , 9.600000E-01 , 7.605523E+09
1.000000E+13 , 1.000000E-09 , 1.000000E+10 , 9.600000E-01 , 7.187392E+09
1.000000E+13 , 1.000000E-08 , 1.000000E+10 , 9.600000E-01 , 6.100503E+09
1.000000E+13 , 1.000000E-07 , 1.000000E+10 , 9.600000E-01 , 4.330388E+09
1.000000E+14 , 1.000000E-11 , 1.000000E+10 , 9.600000E-01 , 1.690223E+09
1.000000E+14 , 1.000000E-10 , 1.000000E+10 , 9.600000E-01 , 1.629777E+09
1.000000E+14 , 1.000000E-09 , 1.000000E+10 , 9.600000E-01 , 1.455416E+09
1.000000E+14 , 1.000000E-08 , 1.000000E+10 , 9.600000E-01 , 1.042052E+09
1.000000E+14 , 1.000000E-07 , 1.000000E+10 , 9.600000E-01 , 5.954197E+08
1.000000E+15 , 1.000000E-11 , 1.000000E+10 , 9.600000E-01 , 1.720848E+08
1.000000E+15 , 1.000000E-10 , 1.000000E+10 , 9.600000E-01 , 1.666818E+08
1.000000E+15 , 1.000000E-09 , 1.000000E+10 , 9.600000E-01 , 1.506554E+08
1.000000E+15 , 1.000000E-08 , 1.000000E+10 , 9.600000E-01 , 1.088291E+08
1.000000E+15 , 1.000000E-07 , 1.000000E+10 , 9.600000E-01 , 5.753642E+07
1.000000E+16 , 1.000000E-11 , 1.000000E+10 , 9.600000E-01 , 1.721809E+07
1.000000E+16 , 1.000000E-10 , 1.000000E+10 , 9.600000E-01 , 1.669144E+07
1.000000E+16 , 1.000000E-09 , 1.000000E+10 , 9.600000E-01 , 1.512239E+07
1.000000E+16 , 1.000000E-08 , 1.000000E+10 , 9.600000E-01 , 1.096660E+07
1.000000E+16 , 1.000000E-07 , 1.000000E+10 , 9.600000E-01 , 5.729942E+06
1.000000E+17 , 1.000000E-11 , 1.000000E+10 , 9.600000E-01 , 1.721883E+06
1.000000E+17 , 1.000000E-10 , 1.000000E+10 , 9.600000E-01 , 1.669361E+06
1.000000E+17 , 1.000000E-09 , 1.000000E+10 , 9.600000E-01 , 1.512810E+06
1.000000E+17 , 1.000000E-08 , 1.000000E+10 , 9.600000E-01 , 1.097541E+06
1.000000E+17 , 1.000000E-07 , 1.000000E+10 , 9.600000E-01 , 5.727551E+05
1.000000E+18 , 1.000000E-11 , 1.000000E+10 , 9.600000E-01 , 1.721891E+05
1.000000E+18 , 1.000000E-10 , 1.000000E+10 , 9.600000E-01 , 1.669383E+05
1.000000E+18 , 1.000000E-09 , 1.000000E+10 , 9.600000E-01 , 1.512868E+05
1.000000E+18 , 1.000000E-08 , 1.000000E+10 , 9.600000E-01 , 1.097629E+05
1.000000E+18 , 1.000000E-07 , 1.000000E+10 , 9.600000E-01 , 5.727312E+04
1.000000E+19 , 1.000000E-11 , 1.000000E+10 , 9.600000E-01 , 1.721891E+04
1.000000E+19 , 1.000000E-10 , 1.000000E+10 , 9.600000E-01 , 1.669385E+04
1.000000E+19 , 1.000000E-09 , 1.000000E+10 , 9.600000E-01 , 1.512873E+04
1.000000E+19 , 1.000000E-08 , 1.000000E+10 , 9.600000E-01 , 1.097638E+04
1.000000E+19 , 1.000000E-07 , 1.000000E+10 , 9.600000E-01 , 5.727288E+03
1.000000E+13 , 1.000000E-11 , 1.000000E+07 , 9.700000E-01 , 1.250002E+09
1.000000E+13 , 1.000000E-10 , 1.000000E+07 , 9.700000E-01 , 1.249469E+09
1.000000E+13 , 1.000000E-09 , 1.000000E+07 , 9.700000E-01 , 1.247751E+09
1.000000E+13 , 1.000000E-08 , 1.000000E+07 , 9.700000E-01 , 1.242347E+09
1.000000E+13 , 1.000000E-07 , 1.000000E+07 , 9.700000E-01 , 1.226096E+09
1.000000E+14 , 1.000000E-11 , 1.000000E+07 , 9.700000E-01 , 1.250122E+08
1.000000E+14 , 1.000000E-10 , 1.000000E+07 , 9.700000E-01 , 1.249598E+08
1.000000E+14 , 1.000000E-09 , 1.000000E+07 , 9.700000E-01 , 1.247905E+08
1.000000E+14 , 1.000000E-08 , 1.000000E+07 , 9.700000E-01 , 1.242574E+08
1.000000E+14 , 1.000000E-07 , 1.000000E+07 , 9.700000E-01 , 1.226457E+08
1.000000E+15 , 1.000000E-11 , 1.000000E+07 , 9.700000E-01 , 1.250123E+07
1.000000E+15 , 1.000000E-10 , 1.000000E+07 , 9.700000E-01 , 1.249600E+07
1.000000E+15 , 1.000000E-09 , 1.000000E+07 , 9.700000E-01 , 1.247910E+07
1.000000E+15 , 1.000000E-08 , 1.000000E+07 , 9.700000E-01 , 1.242586E+07
1.000000E+15 , 1.000000E-07 , 1.000000E+07 , 9.700000E-01 , 1.226484E+07
1.000000E+16 , 1.000000E-11 , 1.000000E+07 , 9.700000E-01 , 1.250123E+06
1.000000E+16 , 1.000000E-10 , 1.000000E+07 , 9.700000E-01 , 1.249600E+06
1.000000E+16 , 1.000000E-09 , 1.000000E+07 , 9.700000E-01 , 1.247911E+06
1.000000E+16 , 1.000000E-08 , 1.000000E+07 , 9.700000E-01 , 1.242587E+06
1.000000E+16 , 1.000000E-07 , 1.000000E+07 , 9.700000E-01 , 1.226486E+06
1.000000E+17 , 1.000000E-11 , 1.000000E+07 , 9.700000E-01 , 1.250123E+05
1.000000E+17 , 1.000000E-10 , 1.000000E+07 , 9.700000E-01 , 1.249600E+05
1.000000E+17 , 1.000000E-09 , 1.000000E+07 , 9.700000E-01 , 1.247911E+05
1.000000E+17 , 1.000000E-08 , 1.000000E+07 , 9.700000E-01 , 1.242588E+05
1.000000E+17 , 1.000000E-07 , 1.000000E+07 , 9.700000E-01 , 1.226486E+05
1.000000E+18 , 1.000000E-11 , 1.000000E+07 , 9.700000E-01 , 1.250123E+04
1.000000E+18 , 1.000000E-10 , 1.000000E+07 , 9.700000E-01 , 1.249600E+04
1.000000E+18 , 1.000000E-09 , 1.000000E+07 , 9.700000E-01 , 1.247911E+04
1.000000E+18 , 1.000000E-08 , 1.000000E+07 , 9.700000E-01 , 1.242588E+04
1.000000E+18 , 1.000000E-07 , 1.000000E+07 , 9.700000E-01 , 1.226486E+04
1.000000E+19 , 1.000000E-11 , 1.000000E+07 , 9.700000E-01 , 1.250123E+03
1.000000E+19 , 1.000000E-10 , 1.000000E+07 , 9.700000E-01 , 1.249600E+03
1.000000E+19 , 1.000000E-09 , 1.000000E+07 , 9.700000E-01 , 1.247911E+03
1.000000E+19 , 1.000000E-08 , 1.000000E+07 , 9.700000E-01 , 1.242588E+03
1.000000E+19 , 1.000000E-07 , 1.000000E+07 , 9.700000E-01 , 1.226486E+03
1.000000E+13 , 1.000000E-11 , 1.000000E+08 , 9.700000E-01 , 7.791080E+09
1.000000E+13 , 1.000000E-10 , 1.000000E+08 , 9.700000E-01 , 7.760394E+09
1.000000E+13 , 1.000000E-09 , 1.000000E+08 , 9.700000E-01 , 7.663581E+09
1.000000E+13 , 1.000000E-08 , 1.000000E+08 , 9.700000E-01 , 7.369268E+09
1.000000E+13 , 1.000000E-07 , 1.000000E+08 , 9.700000E-01 , 6.567541E+09
1.000000E+14 , 1.000000E-11 , 1.000000E+08 , 9.700000E-01 , 8.089241E+08
1.000000E+14 , 1.000000E-10 , 1.000000E+08 , 9.700000E-01 , 8.060704E+08
1.000000E+14 , 1.000000E-09 , 1.000000E+08 , 9.700000E-01 , 7.969960E+08
1.000000E+14 , 1.000000E-08 , 1.000000E+08 , 9.700000E-01 , 7.689466E+08
1.000000E+14 , 1.000000E-07 , 1.000000E+08 , 9.700000E-01 , 6.885272E+08
1.000000E+15 , 1.000000E-11 , 1.000000E+08 , 9.700000E-01 , 8.092557E+07
1.000000E+15 , 1.000000E-10 , 1.000000E+08 , 9.700000E-01 , 8.064414E+07
1.000000E+15 , 1.000000E-09 , 1.000000E+08 , 9.700000E-01 , 7.974839E+07
1.000000E+15 , 1.000000E-08 , 1.000000E+08 , 9.700000E-01 , 7.697427E+07
1.000000E+15 , 1.000000E-07 , 1.000000E+08 , 9.700000E-01 , 6.897470E+07
1.000000E+16 , 1.000000E-11 , 1.000000E+08 , 9.700000E-01 , 8.092607E+06
1.000000E+16 , 1.000000E-10 , 1.000000E+08 , 9.700000E-01 , 8.064505E+06
1.000000E+16 , 1.000000E-09 , 1.000000E+08 , 9.700000E-01 , 7.975052E+06
1.000000E+16 , 1.000000E-08 , 1.000000E+08 , 9.700000E-01 , 7.697965E+06
1.000000E+16 , 1.000000E-07 , 1.000000E+08 , 9.700000E-01 , 6.898476E+06
1.000000E+17 , 1.000000E-11 , 1.000000E+08 , 9.700000E-01 , 8.092609E+05
1.000000E+17 , 1.000000E-10 , 1.000000E+08 , 9.700000E-01 , 8.064511E+05
1.000000E+17 , 1.000000E-09 , 1.000000E+08 , 9.700000E-01 , 7.975071E+05
1.000000E+17 , 1.000000E-08 , 1.000000E+08 , 9.700000E-01 , 7.698016E+05
1.000000E+17 , 1.000000E-07 , 1.000000E+08 , 9.700000E-01 , 6.898574E+05
1.000000E+18 , 1.000000E-11 , 1.000000E+08 , 9.700000E-01 , 8.092609E+04
1.000000E+18 , 1.000000E-10 , 1.000000E+08 , 9.700000E-01 , 8.064512E+04
1.000000E+18 , 1.000000E-09 , 1.000000E+08 , 9.700000E-01 , 7.975073E+04
1.000000E+18 , 1.000000E-08 , 1.000000E+08 , 9.700000E-01 , 7.698021E+04
1.000000E+18 , 1.000000E-07 , 1.000000E+08 , 9.700000E-01 , 6.898584E+04
1.000000E+19 , 1.000000E-11 , 1.000000E+08 , 9.700000E-01 , 8.092609E+03
1.000000E+19 , 1.000000E-10 , 1.000000E+08 , 9.700000E-01 , 8.064512E+03
1.000000E+19 , 1.000000E-09 , 1.000000E+08 , 9.700000E-01 , 7.975073E+03
1.000000E+19 , 1.000000E-08 , 1.000000E+08 , 9.700000E-01 , 7.698022E+03
1.000000E+19 , 1.000000E-07 , 1.000000E+08 , 9.700000E-01 , 6.898585E+03
1.000000E+13 , 1.000000E-11 , 1.000000E+09 , 9.700000E-01 , 1.954092E+10
1.000000E+13 , 1.000000E-10 , 1.000000E+09 , 9.700000E-01 , 1.922472E+10
1.000000E+13 , 1.000000E-09 , 1.000000E+09 , 9.700000E-01 , 1.827279E+10
1.000000E+13 , 1.000000E-08 , 1.000000E+09 , 9.700000E-01 , 1.571111E+10
1.000000E+13 , 1.000000E-07 , 1.000000E+09 , 9.700000E-01 , 1.102047E+10
1.000000E+14 , 1.000000E-11 , 1.000000E+09 , 9.700000E-01 , 7.461770E+09
1.000000E+14 , 1.000000E-10 , 1.000000E+09 , 9.700000E-01 , 7.335859E+09
1.000000E+14 , 1.000000E-09 , 1.000000E+09 , 9.700000E-01 , 6.951956E+09
1.000000E+14 , 1.000000E-08 , 1.000000E+09 , 9.700000E-01 , 5.870702E+09
1.000000E+14 , 1.000000E-07 , 1.000000E+09 , 9.700000E-01 , 3.627321E+09
1.000000E+15 , 1.000000E-11 , 1.000000E+09 , 9.700000E-01 , 7.709655E+08
1.000000E+15 , 1.000000E-10 , 1.000000E+09 , 9.700000E-01 , 7.588858E+08
1.000000E+15 , 1.000000E-09 , 1.000000E+09 , 9.700000E-01 , 7.217918E+08
1.000000E+15 , 1.000000E-08 , 1.000000E+09 , 9.700000E-01 , 6.148974E+08
1.000000E+15 , 1.000000E-07 , 1.000000E+09 , 9.700000E-01 , 3.763153E+08
1.000000E+16 , 1.000000E-11 , 1.000000E+09 , 9.700000E-01 , 7.712677E+07
1.000000E+16 , 1.000000E-10 , 1.000000E+09 , 9.700000E-01 , 7.592889E+07
1.000000E+16 , 1.000000E-09 , 1.000000E+09 , 9.700000E-01 , 7.224756E+07
1.000000E+16 , 1.000000E-08 , 1.000000E+09 , 9.700000E-01 , 6.161209E+07
1.000000E+16 , 1.000000E-07 , 1.000000E+09 , 9.700000E-01 , 3.767851E+07
1.000000E+17 , 1.000000E-11 , 1.000000E+09 , 9.700000E-01 , 7.712753E+06
1.000000E+17 , 1.000000E-10 , 1.000000E+09 , 9.700000E-01 , 7.593071E+06
1.000000E+17 , 1.000000E-09 , 1.000000E+09 , 9.700000E-01 , 7.225232E+06
1.000000E+17 , 1.000000E-08 , 1.000000E+09 , 9.700000E-01 , 6.162266E+06
1.000000E+17 , 1.000000E-07 , 1.000000E+09 , 9.700000E-01 , 3.768229E+06
1.000000E+18 , 1.000000E-11 , 1.000000E+09 , 9.700000E-01 , 7.712759E+05
1.000000E+18 , 1.000000E-10 , 1.000000E+09 , 9.700000E-01 , 7.593087E+05
1.000000E+18 , 1.000000E-09 , 1.000000E+09 , 9.700000E-01 , 7.225278E+05
1.000000E+18 , 1.000000E-08 , 1.000000E+09 , 9.700000E-01 , 6.162370E+05
1.000000E+18 , 1.000000E-07 , 1.000000E+09 , 9.700000E-01 , 3.768266E+05
1.000000E+19 , 1.000000E-11 , 1.000000E+09 , 9.700000E-01 , 7.712759E+04
1.000000E+19 , 1.000000E-10 , 1.000000E+09 , 9.700000E-01 , 7.593088E+04
1.000000E+19 , 1.000000E-09 , 1.000000E+09 , 9.700000E-01 , 7.225283E+04
1.000000E+19 , 1.000000E-08 , 1.000000E+09 , 9.700000E-01 , 6.162381E+04
1.000000E+19 , 1.000000E-07 , 1.000000E+09 , 9.700000E-01 , 3.768269E+04
1.000000E+13 , 1.000000E-11 , 1.000000E+10 , 9.700000E-01 , 9.140982E+09
1.000000E+13 , 1.000000E-10 , 1.000000E+10 , 9.700000E-01 , 8.967331E+09
1.000000E+13 , 1.000000E-09 , 1.000000E+10 , 9.700000E-01 , 8.449809E+09
1.000000E+13 , 1.000000E-08 , 1.000000E+10 , 9.700000E-01 , 7.099014E+09
1.000000E+13 , 1.000000E-07 , 1.000000E+10 , 9.700000E-01 , 4.835710E+09
1.000000E+14 , 1.000000E-11 , 1.000000E+10 , 9.700000E-01 , 1.508770E+09
1.000000E+14 , 1.000000E-10 , 1.000000E+10 , 9.700000E-01 , 1.454411E+09
1.000000E+14 , 1.000000E-09 , 1.000000E+10 , 9.700000E-01 , 1.297714E+09
1.000000E+14 , 1.000000E-08 , 1.000000E+10 , 9.700000E-01 , 9.266955E+08
1.000000E+14 , 1.000000E-07 , 1.000000E+10 , 9.700000E-01 , 5.224936E+08
1.000000E+15 , 1.000000E-11 , 1.000000E+10 , 9.700000E-01 , 1.523913E+08
1.000000E+15 , 1.000000E-10 , 1.000000E+10 , 9.700000E-01 , 1.475588E+08
1.000000E+15 , 1.000000E-09 , 1.000000E+10 , 9.700000E-01 , 1.332364E+08
1.000000E+15 , 1.000000E-08 , 1.000000E+10 , 9.700000E-01 , 9.592288E+07
1.000000E+15 , 1.000000E-07 , 1.000000E+10 , 9.700000E-01 , 4.991801E+07
1.000000E+16 , 1.000000E-11 , 1.000000E+10 , 9.700000E-01 , 1.524635E+07
1.000000E+16 , 1.000000E-10 , 1.000000E+10 , 9.700000E-01 , 1.477508E+07
1.000000E+16 , 1.000000E-09 , 1.000000E+10 , 9.700000E-01 , 1.337219E+07
1.000000E+16 , 1.000000E-08 , 1.000000E+10 , 9.700000E-01 , 9.663544E+06
1.000000E+16 , 1.000000E-07 , 1.000000E+10 , 9.700000E-01 , 4.967572E+06
1.000000E+17 , 1.000000E-11 , 1.000000E+10 , 9.700000E-01 , 1.524699E+06
1.000000E+17 , 1.000000E-10 , 1.000000E+10 , 9.700000E-01 , 1.477696E+06
1.000000E+17 , 1.000000E-09 , 1.000000E+10 , 9.700000E-01 , 1.337716E+06
1.000000E+17 , 1.000000E-08 , 1.000000E+10 , 9.700000E-01 , 9.671122E+05
1.000000E+17 , 1.000000E-07 , 1.000000E+10 , 9.700000E-01 , 4.965151E+05
1.000000E+18 , 1.000000E-11 , 1.000000E+10 , 9.700000E-01 , 1.524705E+05
1.000000E+18 , 1.000000E-10 , 1.000000E+10 , 9.700000E-01 , 1.477715E+05
1.000000E+18 , 1.000000E-09 , 1.000000E+10 , 9.700000E-01 , 1.337766E+05
1.000000E+18 , 1.000000E-08 , 1.000000E+10 , 9.700000E-01 , 9.671884E+04
1.000000E+18 , 1.000000E-07 , 1.000000E+10 , 9.700000E-01 , 4.964909E+04
1.000000E+19 , 1.000000E-11 , 1.000000E+10 , 9.700000E-01 , 1.524706E+04
1.000000E+19 , 1.000000E-10 , 1.000000E+10 , 9.700000E-01 , 1.477717E+04
1.000000E+19 , 1.000000E-09 , 1.000000E+10 , 9.700000E-01 , 1.337771E+04
1.000000E+19 , 1.000000E-08 , 1.000000E+10 , 9.700000E-01 , 9.671961E+03
1.000000E+19 , 1.000000E-07 , 1.000000E+10 , 9.700000E-01 , 4.964884E+03
1.000000E+13 , 1.000000E-11 , 1.000000E+07 , 9.800000E-01 , 1.333703E+09
1.000000E+13 , 1.000000E-10 , 1.000000E+07 , 9.800000E-01 , 1.333016E+09
1.000000E+13 , 1.000000E-09 , 1.000000E+07 , 9.800000E-01 , 1.330776E+09
1.000000E+13 , 1.000000E-08 , 1.000000E+07 , 9.800000E-01 , 1.323720E+09
1.000000E+13 , 1.000000E-07 , 1.000000E+07 , 9.800000E-01 , 1.302219E+09
1.000000E+14 , 1.000000E-11 , 1.000000E+07 , 9.800000E-01 , 1.333860E+08
1.000000E+14 , 1.000000E-10 , 1.000000E+07 , 9.800000E-01 , 1.333185E+08
1.000000E+14 , 1.000000E-09 , 1.000000E+07 , 9.800000E-01 , 1.330979E+08
1.000000E+14 , 1.000000E-08 , 1.000000E+07 , 9.800000E-01 , 1.324020E+08
1.000000E+14 , 1.000000E-07 , 1.000000E+07 , 9.800000E-01 , 1.302720E+08
1.000000E+15 , 1.000000E-11 , 1.000000E+07 , 9.800000E-01 , 1.333862E+07
1.000000E+15 , 1.000000E-10 , 1.000000E+07 , 9.800000E-01 , 1.333188E+07
1.000000E+15 , 1.000000E-09 , 1.000000E+07 , 9.800000E-01 , 1.330986E+07
1.000000E+15 , 1.000000E-08 , 1.000000E+07 , 9.800000E-01 , 1.324037E+07
1.000000E+15 , 1.000000E-07 , 1.000000E+07 , 9.800000E-01 , 1.302758E+07
1.000000E+16 , 1.000000E-11 , 1.000000E+07 , 9.800000E-01 , 1.333862E+06
1.000000E+16 , 1.000000E-10 , 1.000000E+07 , 9.800000E-01 , 1.333188E+06
1.000000E+16 , 1.000000E-09 , 1.000000E+07 , 9.800000E-01 , 1.330987E+06
1.000000E+16 , 1.000000E-08 , 1.000000E+07 , 9.800000E-01 , 1.324038E+06
1.000000E+16 , 1.000000E-07 , 1.000000E+07 , 9.800000E-01 , 1.302761E+06
1.000000E+17 , 1.000000E-11 , 1.000000E+07 , 9.800000E-01 , 1.333862E+05
1.000000E+17 , 1.000000E-10 , 1.000000E+07 , 9.800000E-01 , 1.333189E+05
1.000000E+17 , 1.000000E-09 , 1.000000E+07 , 9.800000E-01 , 1.330987E+05
1.000000E+17 , 1.000000E-08 , 1.000000E+07 , 9.800000E-01 , 1.324038E+05
1.000000E+17 , 1.000000E-07 , 1.000000E+07 , 9.800000E-01 , 1.302762E+05
1.000000E+18 , 1.000000E-11 , 1.000000E+07 , 9.800000E-01 , 1.333862E+04
1.000000E+18 , 1.000000E-10 , 1.000000E+07 , 9.800000E-01 , 1.333189E+04
1.000000E+18 , 1.000000E-09 , 1.000000E+07 , 9.800000E-01 , 1.330987E+04
1.000000E+18 , 1.000000E-08 , 1.000000E+07 , 9.800000E-01 , 1.324038E+04
1.000000E+18 , 1.000000E-07 , 1.000000E+07 , 9.800000E-01 , 1.302762E+04
1.000000E+19 , 1.000000E-11 , 1.000000E+07 , 9.800000E-01 , 1.333862E+03
1.000000E+19 , 1.000000E-10 , 1.000000E+07 , 9.800000E-01 , 1.333189E+03
1.000000E+19 , 1.000000E-09 , 1.000000E+07 , 9.800000E-01 , 1.330987E+03
1.000000E+19 , 1.000000E-08 , 1.000000E+07 , 9.800000E-01 , 1.324038E+03
1.000000E+19 , 1.000000E-07 , 1.000000E+07 , 9.800000E-01 , 1.302762E+03
1.000000E+13 , 1.000000E-11 , 1.000000E+08 , 9.800000E-01 , 1.368291E+10
1.000000E+13 , 1.000000E-10 , 1.000000E+08 , 9.800000E-01 , 1.362173E+10
1.000000E+13 , 1.000000E-09 , 1.000000E+08 , 9.800000E-01 , 1.342815E+10
1.000000E+13 , 1.000000E-08 , 1.000000E+08 , 9.800000E-01 , 1.283935E+10
1.000000E+13 , 1.000000E-07 , 1.000000E+08 , 9.800000E-01 , 1.121657E+10
1.000000E+14 , 1.000000E-11 , 1.000000E+08 , 9.800000E-01 , 1.452858E+09
1.000000E+14 , 1.000000E-10 , 1.000000E+08 , 9.800000E-01 , 1.447024E+09
1.000000E+14 , 1.000000E-09 , 1.000000E+08 , 9.800000E-01 , 1.428428E+09
1.000000E+14 , 1.000000E-08 , 1.000000E+08 , 9.800000E-01 , 1.371043E+09
1.000000E+14 , 1.000000E-07 , 1.000000E+08 , 9.800000E-01 , 1.205623E+09
1.000000E+15 , 1.000000E-11 , 1.000000E+08 , 9.800000E-01 , 1.453801E+08
1.000000E+15 , 1.000000E-10 , 1.000000E+08 , 9.800000E-01 , 1.448043E+08
1.000000E+15 , 1.000000E-09 , 1.000000E+08 , 9.800000E-01 , 1.429673E+08
1.000000E+15 , 1.000000E-08 , 1.000000E+08 , 9.800000E-01 , 1.372893E+08
1.000000E+15 , 1.000000E-07 , 1.000000E+08 , 9.800000E-01 , 1.208380E+08
1.000000E+16 , 1.000000E-11 , 1.000000E+08 , 9.800000E-01 , 1.453813E+07
1.000000E+16 , 1.000000E-10 , 1.000000E+08 , 9.800000E-01 , 1.448063E+07
1.000000E+16 , 1.000000E-09 , 1.000000E+08 , 9.800000E-01 , 1.429718E+07
1.000000E+16 , 1.000000E-08 , 1.000000E+08 , 9.800000E-01 , 1.373002E+07
1.000000E+16 , 1.000000E-07 , 1.000000E+08 , 9.800000E-01 , 1.208593E+07
1.000000E+17 , 1.000000E-11 , 1.000000E+08 , 9.800000E-01 , 1.453814E+06
1.000000E+17 , 1.000000E-10 , 1.000000E+08 , 9.800000E-01 , 1.448065E+06
1.000000E+17 , 1.000000E-09 , 1.000000E+08 , 9.800000E-01 , 1.429722E+06
1.000000E+17 , 1.000000E-08 , 1.000000E+08 , 9.800000E-01 , 1.373012E+06
1.000000E+17 , 1.000000E-07 , 1.000000E+08 , 9.800000E-01 , 1.208614E+06
1.000000E+18 , 1.000000E-11 , 1.000000E+08 , 9.800000E-01 , 1.453814E+05
1.000000E+18 , 1.000000E-10 , 1.000000E+08 , 9.800000E-01 , 1.448065E+05
1.000000E+18 , 1.000000E-09 , 1.000000E+08 , 9.800000E-01 , 1.429722E+05
1.000000E+18 , 1.000000E-08 , 1.000000E+08 , 9.800000E-01 , 1.373014E+05
1.000000E+18 , 1.000000E-07 , 1.000000E+08 , 9.800000E-01 , 1.208616E+05
1.000000E+19 , 1.000000E-11 , 1.000000E+08 , 9.800000E-01 , 1.453814E+04
1.000000E+19 , 1.000000E-10 , 1.000000E+08 , 9.800000E-01 , 1.448065E+04
1.000000E+19 , 1.000000E-09 , 1.000000E+08 , 9.800000E-01 , 1.429722E+04
1.000000E+19 , 1.000000E-08 , 1.000000E+08 , 9.800000E-01 , 1.373014E+04
1.000000E+19 , 1.000000E-07 , 1.000000E+08 , 9.800000E-01 , 1.208616E+04
1.000000E+13 , 1.000000E-11 , 1.000000E+09 , 9.800000E-01 , 2.084573E+10
1.000000E+13 , 1.000000E-10 , 1.000000E+09 , 9.800000E-01 , 2.049274E+10
1.000000E+13 , 1.000000E-09 , 1.000000E+09 , 9.800000E-01 , 1.942947E+10
1.000000E+13 , 1.000000E-08 , 1.000000E+09 , 9.800000E-01 , 1.656385E+10
1.000000E+13 , 1.000000E-07 , 1.000000E+09 , 9.800000E-01 , 1.122045E+10
1.000000E+14 , 1.000000E-11 , 1.000000E+09 , 9.800000E-01 , 3.483006E+09
1.000000E+14 , 1.000000E-10 , 1.000000E+09 , 9.800000E-01 , 3.422281E+09
1.000000E+14 , 1.000000E-09 , 1.000000E+09 , 9.800000E-01 , 3.237367E+09
1.000000E+14 , 1.000000E-08 , 1.000000E+09 , 9.800000E-01 , 2.718096E+09
1.000000E+14 , 1.000000E-07 , 1.000000E+09 , 9.800000E-01 , 1.632582E+09
1.000000E+15 , 1.000000E-11 , 1.000000E+09 , 9.800000E-01 , 3.509992E+08
1.000000E+15 , 1.000000E-10 , 1.000000E+09 , 9.800000E-01 , 3.453003E+08
1.000000E+15 , 1.000000E-09 , 1.000000E+09 , 9.800000E-01 , 3.278281E+08
1.000000E+15 , 1.000000E-08 , 1.000000E+09 , 9.800000E-01 , 2.776657E+08
1.000000E+15 , 1.000000E-07 , 1.000000E+09 , 9.800000E-01 , 1.650376E+08
1.000000E+16 , 1.000000E-11 , 1.000000E+09 , 9.800000E-01 , 3.510471E+07
1.000000E+16 , 1.000000E-10 , 1.000000E+09 , 9.800000E-01 , 3.453953E+07
1.000000E+16 , 1.000000E-09 , 1.000000E+09 , 9.800000E-01 , 3.280539E+07
1.000000E+16 , 1.000000E-08 , 1.000000E+09 , 9.800000E-01 , 2.781453E+07
1.000000E+16 , 1.000000E-07 , 1.000000E+09 , 9.800000E-01 , 1.651839E+07
1.000000E+17 , 1.000000E-11 , 1.000000E+09 , 9.800000E-01 , 3.510497E+06
1.000000E+17 , 1.000000E-10 , 1.000000E+09 , 9.800000E-01 , 3.454026E+06
1.000000E+17 , 1.000000E-09 , 1.000000E+09 , 9.800000E-01 , 3.280746E+06
1.000000E+17 , 1.000000E-08 , 1.000000E+09 , 9.800000E-01 , 2.781921E+06
1.000000E+17 , 1.000000E-07 , 1.000000E+09 , 9.800000E-01 , 1.651983E+06
1.000000E+18 , 1.000000E-11 , 1.000000E+09 , 9.800000E-01 , 3.510499E+05
1.000000E+18 , 1.000000E-10 , 1.000000E+09 , 9.800000E-01 , 3.454033E+05
1.000000E+18 , 1.000000E-09 , 1.000000E+09 , 9.800000E-01 , 3.280766E+05
1.000000E+18 , 1.000000E-08 , 1.000000E+09 , 9.800000E-01 , 2.781968E+05
1.000000E+18 , 1.000000E-07 , 1.000000E+09 , 9.800000E-01 , 1.651997E+05
1.000000E+19 , 1.000000E-11 , 1.000000E+09 , 9.800000E-01 , 3.510500E+04
1.000000E+19 , 1.000000E-10 , 1.000000E+09 , 9.800000E-01 , 3.454034E+04
1.000000E+19 , 1.000000E-09 , 1.000000E+09 , 9.800000E-01 , 3.280768E+04
1.000000E+19 , 1.000000E-08 , 1.000000E+09 , 9.800000E-01 , 2.781973E+04
1.000000E+19 , 1.000000E-07 , 1.000000E+09 , 9.800000E-01 , 1.651999E+04
1.000000E+13 , 1.000000E-11 , 1.000000E+10 , 9.800000E-01 , 1.059368E+10
1.000000E+13 , 1.000000E-10 , 1.000000E+10 , 9.800000E-01 , 1.038459E+10
1.000000E+13 , 1.000000E-09 , 1.000000E+10 , 9.800000E-01 , 9.760845E+09
1.000000E+13 , 1.000000E-08 , 1.000000E+10 , 9.800000E-01 , 8.128288E+09
1.000000E+13 , 1.000000E-07 , 1.000000E+10 , 9.800000E-01 , 5.335702E+09
1.000000E+14 , 1.000000E-11 , 1.000000E+10 , 9.800000E-01 , 1.349612E+09
1.000000E+14 , 1.000000E-10 , 1.000000E+10 , 9.800000E-01 , 1.300641E+09
1.000000E+14 , 1.000000E-09 , 1.000000E+10 , 9.800000E-01 , 1.159576E+09
1.000000E+14 , 1.000000E-08 , 1.000000E+10 , 9.800000E-01 , 8.260217E+08
1.000000E+14 , 1.000000E-07 , 1.000000E+10 , 9.800000E-01 , 4.597666E+08
1.000000E+15 , 1.000000E-11 , 1.000000E+10 , 9.800000E-01 , 1.356660E+08
1.000000E+15 , 1.000000E-10 , 1.000000E+10 , 9.800000E-01 , 1.313214E+08
1.000000E+15 , 1.000000E-09 , 1.000000E+10 , 9.800000E-01 , 1.184555E+08
1.000000E+15 , 1.000000E-08 , 1.000000E+10 , 9.800000E-01 , 8.499781E+07
1.000000E+15 , 1.000000E-07 , 1.000000E+10 , 9.800000E-01 , 4.353035E+07
1.000000E+16 , 1.000000E-11 , 1.000000E+10 , 9.800000E-01 , 1.357231E+07
1.000000E+16 , 1.000000E-10 , 1.000000E+10 , 9.800000E-01 , 1.314839E+07
1.000000E+16 , 1.000000E-09 , 1.000000E+10 , 9.800000E-01 , 1.188753E+07
1.000000E+16 , 1.000000E-08 , 1.000000E+10 , 9.800000E-01 , 8.560857E+06
1.000000E+16 , 1.000000E-07 , 1.000000E+10 , 9.800000E-01 , 4.328588E+06
1.000000E+17 , 1.000000E-11 , 1.000000E+10 , 9.800000E-01 , 1.357287E+06
1.000000E+17 , 1.000000E-10 , 1.000000E+10 , 9.800000E-01 , 1.315004E+06
1.000000E+17 , 1.000000E-09 , 1.000000E+10 , 9.800000E-01 , 1.189188E+06
1.000000E+17 , 1.000000E-08 , 1.000000E+10 , 9.800000E-01 , 8.567396E+05
1.000000E+17 , 1.000000E-07 , 1.000000E+10 , 9.800000E-01 , 4.326151E+05
1.000000E+18 , 1.000000E-11 , 1.000000E+10 , 9.800000E-01 , 1.357292E+05
1.000000E+18 , 1.000000E-10 , 1.000000E+10 , 9.800000E-01 , 1.315021E+05
1.000000E+18 , 1.000000E-09 , 1.000000E+10 , 9.800000E-01 , 1.189232E+05
1.000000E+18 , 1.000000E-08 , 1.000000E+10 , 9.800000E-01 , 8.568054E+04
1.000000E+18 , 1.000000E-07 , 1.000000E+10 , 9.800000E-01 , 4.325907E+04
1.000000E+19 , 1.000000E-11 , 1.000000E+10 , 9.800000E-01 , 1.357293E+04
1.000000E+19 , 1.000000E-10 , 1.000000E+10 , 9.800000E-01 , 1.315022E+04
1.000000E+19 , 1.000000E-09 , 1.000000E+10 , 9.800000E-01 , 1.189237E+04
1.000000E+19 , 1.000000E-08 , 1.000000E+10 , 9.800000E-01 , 8.568120E+03
1.000000E+19 , 1.000000E-07 , 1.000000E+10 , 9.800000E-01 , 4.325883E+03
1.000000E+13 , 1.000000E-11 , 1.000000E+07 , 9.900000E-01 , 1.614424E+09
1.000000E+13 , 1.000000E-10 , 1.000000E+07 , 9.900000E-01 , 1.613317E+09
1.000000E+13 , 1.000000E-09 , 1.000000E+07 , 9.900000E-01 , 1.609587E+09
1.000000E+13 , 1.000000E-08 , 1.000000E+07 , 9.900000E-01 , 1.597802E+09
1.000000E+13 , 1.000000E-07 , 1.000000E+07 , 9.900000E-01 , 1.561489E+09
1.000000E+14 , 1.000000E-11 , 1.000000E+07 , 9.900000E-01 , 1.614717E+08
1.000000E+14 , 1.000000E-10 , 1.000000E+07 , 9.900000E-01 , 1.613630E+08
1.000000E+14 , 1.000000E-09 , 1.000000E+07 , 9.900000E-01 , 1.609956E+08
1.000000E+14 , 1.000000E-08 , 1.000000E+07 , 9.900000E-01 , 1.598334E+08
1.000000E+14 , 1.000000E-07 , 1.000000E+07 , 9.900000E-01 , 1.562409E+08
1.000000E+15 , 1.000000E-11 , 1.000000E+07 , 9.900000E-01 , 1.614721E+07
1.000000E+15 , 1.000000E-10 , 1.000000E+07 , 9.900000E-01 , 1.613635E+07
1.000000E+15 , 1.000000E-09 , 1.000000E+07 , 9.900000E-01 , 1.609967E+07
1.000000E+15 , 1.000000E-08 , 1.000000E+07 , 9.900000E-01 , 1.598362E+07
1.000000E+15 , 1.000000E-07 , 1.000000E+07 , 9.900000E-01 , 1.562477E+07
1.000000E+16 , 1.000000E-11 , 1.000000E+07 , 9.900000E-01 , 1.614721E+06
1.000000E+16 , 1.000000E-10 , 1.000000E+07 , 9.900000E-01 , 1.613636E+06
1.000000E+16 , 1.000000E-09 , 1.000000E+07 , 9.900000E-01 , 1.609968E+06
1.000000E+16 , 1.000000E-08 , 1.000000E+07 , 9.900000E-01 , 1.598364E+06
1.000000E+16 , 1.000000E-07 , 1.000000E+07 , 9.900000E-01 , 1.562484E+06
1.000000E+17 , 1.000000E-11 , 1.000000E+07 , 9.900000E-01 , 1.614721E+05
1.000000E+17 , 1.000000E-10 , 1.000000E+07 , 9.900000E-01 , 1.613636E+05
1.000000E+17 , 1.000000E-09 , 1.000000E+07 , 9.900000E-01 , 1.609968E+05
1.000000E+17 , 1.000000E-08 , 1.000000E+07 , 9.900000E-01 , 1.598365E+05
1.000000E+17 , 1.000000E-07 , 1.000000E+07 , 9.900000E-01 , 1.562485E+05
1.000000E+18 , 1.000000E-11 , 1.000000E+07 , 9.900000E-01 , 1.614721E+04
1.000000E+18 , 1.000000E-10 , 1.000000E+07 , 9.900000E-01 , 1.613636E+04
1.000000E+18 , 1.000000E-09 , 1.000000E+07 , 9.900000E-01 , 1.609968E+04
1.000000E+18 , 1.000000E-08 , 1.000000E+07 , 9.900000E-01 , 1.598365E+04
1.000000E+18 , 1.000000E-07 , 1.000000E+07 , 9.900000E-01 , 1.562485E+04
1.000000E+19 , 1.000000E-11 , 1.000000E+07 , 9.900000E-01 , 1.614721E+03
1.000000E+19 , 1.000000E-10 , 1.000000E+07 , 9.900000E-01 , 1.613636E+03
1.000000E+19 , 1.000000E-09 , 1.000000E+07 , 9.900000E-01 , 1.609968E+03
1.000000E+19 , 1.000000E-08 , 1.000000E+07 , 9.900000E-01 , 1.598365E+03
1.000000E+19 , 1.000000E-07 , 1.000000E+07 , 9.900000E-01 , 1.562485E+03
1.000000E+13 , 1.000000E-11 , 1.000000E+08 , 9.900000E-01 , 8.413718E+10
1.000000E+13 , 1.000000E-10 , 1.000000E+08 , 9.900000E-01 , 8.369553E+10
1.000000E+13 , 1.000000E-09 , 1.000000E+08 , 9.900000E-01 , 8.229165E+10
1.000000E+13 , 1.000000E-08 , 1.000000E+08 , 9.900000E-01 , 7.802628E+10
1.000000E+13 , 1.000000E-07 , 1.000000E+08 , 9.900000E-01 , 6.620372E+10
1.000000E+14 , 1.000000E-11 , 1.000000E+08 , 9.900000E-01 , 1.072595E+10
1.000000E+14 , 1.000000E-10 , 1.000000E+08 , 9.900000E-01 , 1.067507E+10
1.000000E+14 , 1.000000E-09 , 1.000000E+08 , 9.900000E-01 , 1.051224E+10
1.000000E+14 , 1.000000E-08 , 1.000000E+08 , 9.900000E-01 , 1.001167E+10
1.000000E+14 , 1.000000E-07 , 1.000000E+08 , 9.900000E-01 , 8.571432E+09
1.000000E+15 , 1.000000E-11 , 1.000000E+08 , 9.900000E-01 , 1.075596E+09
1.000000E+15 , 1.000000E-10 , 1.000000E+08 , 9.900000E-01 , 1.070558E+09
1.000000E+15 , 1.000000E-09 , 1.000000E+08 , 9.900000E-01 , 1.054422E+09
1.000000E+15 , 1.000000E-08 , 1.000000E+08 , 9.900000E-01 , 1.004752E+09
1.000000E+15 , 1.000000E-07 , 1.000000E+08 , 9.900000E-01 , 8.612347E+08
1.000000E+16 , 1.000000E-11 , 1.000000E+08 , 9.900000E-01 , 1.075628E+08
1.000000E+16 , 1.000000E-10 , 1.000000E+08 , 9.900000E-01 , 1.070597E+08
1.000000E+16 , 1.000000E-09 , 1.000000E+08 , 9.900000E-01 , 1.054481E+08
1.000000E+16 , 1.000000E-08 , 1.000000E+08 , 9.900000E-01 , 1.004863E+08
1.000000E+16 , 1.000000E-07 , 1.000000E+08 , 9.900000E-01 , 8.614339E+07
1.000000E+17 , 1.000000E-11 , 1.000000E+08 , 9.900000E-01 , 1.075629E+07
1.000000E+17 , 1.000000E-10 , 1.000000E+08 , 9.900000E-01 , 1.070598E+07
1.000000E+17 , 1.000000E-09 , 1.000000E+08 , 9.900000E-01 , 1.054484E+07
1.000000E+17 , 1.000000E-08 , 1.000000E+08 , 9.900000E-01 , 1.004871E+07
1.000000E+17 , 1.000000E-07 , 1.000000E+08 , 9.900000E-01 , 8.614517E+06
1.000000E+18 , 1.000000E-11 , 1.000000E+08 , 9.900000E-01 , 1.075629E+06
1.000000E+18 , 1.000000E-10 , 1.000000E+08 , 9.900000E-01 , 1.070598E+06
1.000000E+18 , 1.000000E-09 , 1.000000E+08 , 9.900000E-01 , 1.054484E+06
1.000000E+18 , 1.000000E-08 , 1.000000E+08 , 9.900000E-01 , 1.004872E+06
1.000000E+18 , 1.000000E-07 , 1.000000E+08 , 9.900000E-01 , 8.614535E+05
1.000000E+19 , 1.000000E-11 , 1.000000E+08 , 9.900000E-01 , 1.075629E+05
1.000000E+19 , 1.000000E-10 , 1.000000E+08 , 9.900000E-01 , 1.070598E+05
1.000000E+19 , 1.000000E-09 , 1.000000E+08 , 9.900000E-01 , 1.054484E+05
1.000000E+19 , 1.000000E-08 , 1.000000E+08 , 9.900000E-01 , 1.004872E+05
1.000000E+19 , 1.000000E-07 , 1.000000E+08 , 9.900000E-01 , 8.614537E+04
1.000000E+13 , 1.000000E-11 , 1.000000E+09 , 9.900000E-01 , 1.696500E+10
1.000000E+13 , 1.000000E-10 , 1.000000E+09 , 9.900000E-01 , 1.666618E+10
1.000000E+13 , 1.000000E-09 , 1.000000E+09 , 9.900000E-01 , 1.576601E+10
1.000000E+13 , 1.000000E-08 , 1.000000E+09 , 9.900000E-01 , 1.333950E+10
1.000000E+13 , 1.000000E-07 , 1.000000E+09 , 9.900000E-01 , 8.759827E+09
1.000000E+14 , 1.000000E-11 , 1.000000E+09 , 9.900000E-01 , 1.864985E+09
1.000000E+14 , 1.000000E-10 , 1.000000E+09 , 9.900000E-01 , 1.831368E+09
1.000000E+14 , 1.000000E-09 , 1.000000E+09 , 9.900000E-01 , 1.729155E+09
1.000000E+14 , 1.000000E-08 , 1.000000E+09 , 9.900000E-01 , 1.443152E+09
1.000000E+14 , 1.000000E-07 , 1.000000E+09 , 9.900000E-01 , 8.422556E+08
1.000000E+15 , 1.000000E-11 , 1.000000E+09 , 9.900000E-01 , 1.867933E+08
1.000000E+15 , 1.000000E-10 , 1.000000E+09 , 9.900000E-01 , 1.836468E+08
1.000000E+15 , 1.000000E-09 , 1.000000E+09 , 9.900000E-01 , 1.740177E+08
1.000000E+15 , 1.000000E-08 , 1.000000E+09 , 9.900000E-01 , 1.464932E+08
1.000000E+15 , 1.000000E-07 , 1.000000E+09 , 9.900000E-01 , 8.448941E+07
1.000000E+16 , 1.000000E-11 , 1.000000E+09 , 9.900000E-01 , 1.868071E+07
1.000000E+16 , 1.000000E-10 , 1.000000E+09 , 9.900000E-01 , 1.836855E+07
1.000000E+16 , 1.000000E-09 , 1.000000E+09 , 9.900000E-01 , 1.741253E+07
1.000000E+16 , 1.000000E-08 , 1.000000E+09 , 9.900000E-01 , 1.467338E+07
1.000000E+16 , 1.000000E-07 , 1.000000E+09 , 9.900000E-01 , 8.454536E+06
1.000000E+17 , 1.000000E-11 , 1.000000E+09 , 9.900000E-01 , 1.868083E+06
1.000000E+17 , 1.000000E-10 , 1.000000E+09 , 9.900000E-01 , 1.836892E+06
1.000000E+17 , 1.000000E-09 , 1.000000E+09 , 9.900000E-01 , 1.741361E+06
1.000000E+17 , 1.000000E-08 , 1.000000E+09 , 9.900000E-01 , 1.467580E+06
1.000000E+17 , 1.000000E-07 , 1.000000E+09 , 9.900000E-01 , 8.455129E+05
1.000000E+18 , 1.000000E-11 , 1.000000E+09 , 9.900000E-01 , 1.868085E+05
1.000000E+18 , 1.000000E-10 , 1.000000E+09 , 9.900000E-01 , 1.836896E+05
1.000000E+18 , 1.000000E-09 , 1.000000E+09 , 9.900000E-01 , 1.741372E+05
1.000000E+18 , 1.000000E-08 , 1.000000E+09 , 9.900000E-01 , 1.467605E+05
1.000000E+18 , 1.000000E-07 , 1.000000E+09 , 9.900000E-01 , 8.455188E+04
1.000000E+19 , 1.000000E-11 , 1.000000E+09 , 9.900000E-01 , 1.868085E+04
1.000000E+19 , 1.000000E-10 , 1.000000E+09 , 9.900000E-01 , 1.836896E+04
1.000000E+19 , 1.000000E-09 , 1.000000E+09 , 9.900000E-01 , 1.741373E+04
1.000000E+19 , 1.000000E-08 , 1.000000E+09 , 9.900000E-01 , 1.467607E+04
1.000000E+19 , 1.000000E-07 , 1.000000E+09 , 9.900000E-01 , 8.455194E+03
1.000000E+13 , 1.000000E-11 , 1.000000E+10 , 9.900000E-01 , 1.143590E+10
1.000000E+13 , 1.000000E-10 , 1.000000E+10 , 9.900000E-01 , 1.120401E+10
1.000000E+13 , 1.000000E-09 , 1.000000E+10 , 9.900000E-01 , 1.051186E+10
1.000000E+13 , 1.000000E-08 , 1.000000E+10 , 9.900000E-01 , 8.698266E+09
1.000000E+13 , 1.000000E-07 , 1.000000E+10 , 9.900000E-01 , 5.558541E+09
1.000000E+14 , 1.000000E-11 , 1.000000E+10 , 9.900000E-01 , 1.210150E+09
1.000000E+14 , 1.000000E-10 , 1.000000E+10 , 9.900000E-01 , 1.165942E+09
1.000000E+14 , 1.000000E-09 , 1.000000E+10 , 9.900000E-01 , 1.038690E+09
1.000000E+14 , 1.000000E-08 , 1.000000E+10 , 9.900000E-01 , 7.382368E+08
1.000000E+14 , 1.000000E-07 , 1.000000E+10 , 9.900000E-01 , 4.058561E+08
1.000000E+15 , 1.000000E-11 , 1.000000E+10 , 9.900000E-01 , 1.213531E+08
1.000000E+15 , 1.000000E-10 , 1.000000E+10 , 9.900000E-01 , 1.174289E+08
1.000000E+15 , 1.000000E-09 , 1.000000E+10 , 9.900000E-01 , 1.058177E+08
1.000000E+15 , 1.000000E-08 , 1.000000E+10 , 9.900000E-01 , 7.567955E+07
1.000000E+15 , 1.000000E-07 , 1.000000E+10 , 9.900000E-01 , 3.813561E+07
1.000000E+16 , 1.000000E-11 , 1.000000E+10 , 9.900000E-01 , 1.214007E+07
1.000000E+16 , 1.000000E-10 , 1.000000E+10 , 9.900000E-01 , 1.175694E+07
1.000000E+16 , 1.000000E-09 , 1.000000E+10 , 9.900000E-01 , 1.061843E+07
1.000000E+16 , 1.000000E-08 , 1.000000E+10 , 9.900000E-01 , 7.620563E+06
1.000000E+16 , 1.000000E-07 , 1.000000E+10 , 9.900000E-01 , 3.789080E+06
1.000000E+17 , 1.000000E-11 , 1.000000E+10 , 9.900000E-01 , 1.214055E+06
1.000000E+17 , 1.000000E-10 , 1.000000E+10 , 9.900000E-01 , 1.175840E+06
1.000000E+17 , 1.000000E-09 , 1.000000E+10 , 9.900000E-01 , 1.062225E+06
1.000000E+17 , 1.000000E-08 , 1.000000E+10 , 9.900000E-01 , 7.626219E+05
1.000000E+17 , 1.000000E-07 , 1.000000E+10 , 9.900000E-01 , 3.786637E+05
1.000000E+18 , 1.000000E-11 , 1.000000E+10 , 9.900000E-01 , 1.214060E+05
1.000000E+18 , 1.000000E-10 , 1.000000E+10 , 9.900000E-01 , 1.175854E+05
1.000000E+18 , 1.000000E-09 , 1.000000E+10 , 9.900000E-01 , 1.062264E+05
1.000000E+18 , 1.000000E-08 , 1.000000E+10 , 9.900000E-01 , 7.626789E+04
1.000000E+18 , 1.000000E-07 , 1.000000E+10 , 9.900000E-01 , 3.786392E+04
1.000000E+19 , 1.000000E-11 , 1.000000E+10 , 9.900000E-01 , 1.214061E+04
1.000000E+19 , 1.000000E-10 , 1.000000E+10 , 9.900000E-01 , 1.175856E+04
1.000000E+19 , 1.000000E-09 , 1.000000E+10 , 9.900000E-01 , 1.062268E+04
1.000000E+19 , 1.000000E-08 , 1.000000E+10 , 9.900000E-01 , 7.626846E+03
1.000000E+19 , 1.000000E-07 , 1.000000E+10 , 9.900000E-01 , 3.786368E+03
