1.000000E+13 , 1.000000E-11 , 1.000000E+07 , 9.100000E-01 , 1.349115E+06
1.000000E+13 , 1.000000E-10 , 1.000000E+07 , 9.100000E-01 , 2.534077E+06
1.000000E+13 , 1.000000E-09 , 1.000000E+07 , 9.100000E-01 , 6.522277E+06
1.000000E+13 , 1.000000E-08 , 1.000000E+07 , 9.100000E-01 , 1.852804E+07
1.000000E+13 , 1.000000E-07 , 1.000000E+07 , 9.100000E-01 , 5.227389E+07
1.000000E+14 , 1.000000E-11 , 1.000000E+07 , 9.100000E-01 , 1.349241E+06
1.000000E+14 , 1.000000E-10 , 1.000000E+07 , 9.100000E-01 , 2.534419E+06
1.000000E+14 , 1.000000E-09 , 1.000000E+07 , 9.100000E-01 , 6.523288E+06
1.000000E+14 , 1.000000E-08 , 1.000000E+07 , 9.100000E-01 , 1.853106E+07
1.000000E+14 , 1.000000E-07 , 1.000000E+07 , 9.100000E-01 , 5.228124E+07
1.000000E+15 , 1.000000E-11 , 1.000000E+07 , 9.100000E-01 , 1.349246E+06
1.000000E+15 , 1.000000E-10 , 1.000000E+07 , 9.100000E-01 , 2.534440E+06
1.000000E+15 , 1.000000E-09 , 1.000000E+07 , 9.100000E-01 , 6.523354E+06
1.000000E+15 , 1.000000E-08 , 1.000000E+07 , 9.100000E-01 , 1.853127E+07
1.000000E+15 , 1.000000E-07 , 1.000000E+07 , 9.100000E-01 , 5.228169E+07
1.000000E+16 , 1.000000E-11 , 1.000000E+07 , 9.100000E-01 , 1.349247E+06
1.000000E+16 , 1.000000E-10 , 1.000000E+07 , 9.100000E-01 , 2.534442E+06
1.000000E+16 , 1.000000E-09 , 1.000000E+07 , 9.100000E-01 , 6.523360E+06
1.000000E+16 , 1.000000E-08 , 1.000000E+07 , 9.100000E-01 , 1.853129E+07
1.000000E+16 , 1.000000E-07 , 1.000000E+07 , 9.100000E-01 , 5.228173E+07
1.000000E+17 , 1.000000E-11 , 1.000000E+07 , 9.100000E-01 , 1.349247E+06
1.000000E+17 , 1.000000E-10 , 1.000000E+07 , 9.100000E-01 , 2.534442E+06
1.000000E+17 , 1.000000E-09 , 1.000000E+07 , 9.100000E-01 , 6.523360E+06
1.000000E+17 , 1.000000E-08 , 1.000000E+07 , 9.100000E-01 , 1.853129E+07
1.000000E+17 , 1.000000E-07 , 1.000000E+07 , 9.100000E-01 , 5.228173E+07
1.000000E+18 , 1.000000E-11 , 1.000000E+07 , 9.100000E-01 , 1.349247E+06
1.000000E+18 , 1.000000E-10 , 1.000000E+07 , 9.100000E-01 , 2.534442E+06
1.000000E+18 , 1.000000E-09 , 1.000000E+07 , 9.100000E-01 , 6.523360E+06
1.000000E+18 , 1.000000E-08 , 1.000000E+07 , 9.100000E-01 , 1.853129E+07
1.000000E+18 , 1.000000E-07 , 1.000000E+07 , 9.100000E-01 , 5.228173E+07
1.000000E+19 , 1.000000E-11 , 1.000000E+07 , 9.100000E-01 , 1.349247E+06
1.000000E+19 , 1.000000E-10 , 1.000000E+07 , 9.100000E-01 , 2.534442E+06
1.000000E+19 , 1.000000E-09 , 1.000000E+07 , 9.100000E-01 , 6.523360E+06
1.000000E+19 , 1.000000E-08 , 1.000000E+07 , 9.100000E-01 , 1.853129E+07
1.000000E+19 , 1.000000E-07 , 1.000000E+07 , 9.100000E-01 , 5.228173E+07
1.000000E+13 , 1.000000E-11 , 1.000000E+08 , 9.100000E-01 , 3.898767E+06
1.000000E+13 , 1.000000E-10 , 1.000000E+08 , 9.100000E-01 , 7.433996E+06
1.000000E+13 , 1.000000E-09 , 1.000000E+08 , 9.100000E-01 , 1.924882E+07
1.000000E+13 , 1.000000E-08 , 1.000000E+08 , 9.100000E-01 , 5.469703E+07
1.000000E+13 , 1.000000E-07 , 1.000000E+08 , 9.100000E-01 , 1.548152E+08
1.000000E+14 , 1.000000E-11 , 1.000000E+08 , 9.100000E-01 , 3.948634E+06
1.000000E+14 , 1.000000E-10 , 1.000000E+08 , 9.100000E-01 , 7.558694E+06
1.000000E+14 , 1.000000E-09 , 1.000000E+08 , 9.100000E-01 , 1.960720E+07
1.000000E+14 , 1.000000E-08 , 1.000000E+08 , 9.100000E-01 , 5.575459E+07
1.000000E+14 , 1.000000E-07 , 1.000000E+08 , 9.100000E-01 , 1.574458E+08
1.000000E+15 , 1.000000E-11 , 1.000000E+08 , 9.100000E-01 , 3.950279E+06
1.000000E+15 , 1.000000E-10 , 1.000000E+08 , 9.100000E-01 , 7.564489E+06
1.000000E+15 , 1.000000E-09 , 1.000000E+08 , 9.100000E-01 , 1.962545E+07
1.000000E+15 , 1.000000E-08 , 1.000000E+08 , 9.100000E-01 , 5.581042E+07
1.000000E+15 , 1.000000E-07 , 1.000000E+08 , 9.100000E-01 , 1.575652E+08
1.000000E+16 , 1.000000E-11 , 1.000000E+08 , 9.100000E-01 , 3.950408E+06
1.000000E+16 , 1.000000E-10 , 1.000000E+08 , 9.100000E-01 , 7.564997E+06
1.000000E+16 , 1.000000E-09 , 1.000000E+08 , 9.100000E-01 , 1.962709E+07
1.000000E+16 , 1.000000E-08 , 1.000000E+08 , 9.100000E-01 , 5.581546E+07
1.000000E+16 , 1.000000E-07 , 1.000000E+08 , 9.100000E-01 , 1.575756E+08
1.000000E+17 , 1.000000E-11 , 1.000000E+08 , 9.100000E-01 , 3.950421E+06
1.000000E+17 , 1.000000E-10 , 1.000000E+08 , 9.100000E-01 , 7.565047E+06
1.000000E+17 , 1.000000E-09 , 1.000000E+08 , 9.100000E-01 , 1.962725E+07
1.000000E+17 , 1.000000E-08 , 1.000000E+08 , 9.100000E-01 , 5.581596E+07
1.000000E+17 , 1.000000E-07 , 1.000000E+08 , 9.100000E-01 , 1.575767E+08
1.000000E+18 , 1.000000E-11 , 1.000000E+08 , 9.100000E-01 , 3.950422E+06
1.000000E+18 , 1.000000E-10 , 1.000000E+08 , 9.100000E-01 , 7.565052E+06
1.000000E+18 , 1.000000E-09 , 1.000000E+08 , 9.100000E-01 , 1.962727E+07
1.000000E+18 , 1.000000E-08 , 1.000000E+08 , 9.100000E-01 , 5.581601E+07
1.000000E+18 , 1.000000E-07 , 1.000000E+08 , 9.100000E-01 , 1.575768E+08
1.000000E+19 , 1.000000E-11 , 1.000000E+08 , 9.100000E-01 , 3.950422E+06
1.000000E+19 , 1.000000E-10 , 1.000000E+08 , 9.100000E-01 , 7.565053E+06
1.000000E+19 , 1.000000E-09 , 1.000000E+08 , 9.100000E-01 , 1.962727E+07
1.000000E+19 , 1.000000E-08 , 1.000000E+08 , 9.100000E-01 , 5.581602E+07
1.000000E+19 , 1.000000E-07 , 1.000000E+08 , 9.100000E-01 , 1.575768E+08
1.000000E+13 , 1.000000E-11 , 1.000000E+09 , 9.100000E-01 , 6.137458E+06
1.000000E+13 , 1.000000E-10 , 1.000000E+09 , 9.100000E-01 , 1.156223E+07
1.000000E+13 , 1.000000E-09 , 1.000000E+09 , 9.100000E-01 , 2.968461E+07
1.000000E+13 , 1.000000E-08 , 1.000000E+09 , 9.100000E-01 , 8.368915E+07
1.000000E+13 , 1.000000E-07 , 1.000000E+09 , 9.100000E-01 , 2.525920E+08
1.000000E+14 , 1.000000E-11 , 1.000000E+09 , 9.100000E-01 , 4.718429E+07
1.000000E+14 , 1.000000E-10 , 1.000000E+09 , 9.100000E-01 , 9.848357E+07
1.000000E+14 , 1.000000E-09 , 1.000000E+09 , 9.100000E-01 , 2.637731E+08
1.000000E+14 , 1.000000E-08 , 1.000000E+09 , 9.100000E-01 , 7.504429E+08
1.000000E+14 , 1.000000E-07 , 1.000000E+09 , 9.100000E-01 , 2.241258E+09
1.000000E+15 , 1.000000E-11 , 1.000000E+09 , 9.100000E-01 , 5.523395E+07
1.000000E+15 , 1.000000E-10 , 1.000000E+09 , 9.100000E-01 , 1.166802E+08
1.000000E+15 , 1.000000E-09 , 1.000000E+09 , 9.100000E-01 , 3.141544E+08
1.000000E+15 , 1.000000E-08 , 1.000000E+09 , 9.100000E-01 , 8.953242E+08
1.000000E+15 , 1.000000E-07 , 1.000000E+09 , 9.100000E-01 , 2.624023E+09
1.000000E+16 , 1.000000E-11 , 1.000000E+09 , 9.100000E-01 , 5.540649E+07
1.000000E+16 , 1.000000E-10 , 1.000000E+09 , 9.100000E-01 , 1.171765E+08
1.000000E+16 , 1.000000E-09 , 1.000000E+09 , 9.100000E-01 , 3.156479E+08
1.000000E+16 , 1.000000E-08 , 1.000000E+09 , 9.100000E-01 , 8.997446E+08
1.000000E+16 , 1.000000E-07 , 1.000000E+09 , 9.100000E-01 , 2.631475E+09
1.000000E+17 , 1.000000E-11 , 1.000000E+09 , 9.100000E-01 , 5.541606E+07
1.000000E+17 , 1.000000E-10 , 1.000000E+09 , 9.100000E-01 , 1.172098E+08
1.000000E+17 , 1.000000E-09 , 1.000000E+09 , 9.100000E-01 , 3.157533E+08
1.000000E+17 , 1.000000E-08 , 1.000000E+09 , 9.100000E-01 , 9.000615E+08
1.000000E+17 , 1.000000E-07 , 1.000000E+09 , 9.100000E-01 , 2.631848E+09
1.000000E+18 , 1.000000E-11 , 1.000000E+09 , 9.100000E-01 , 5.541694E+07
1.000000E+18 , 1.000000E-10 , 1.000000E+09 , 9.100000E-01 , 1.172129E+08
1.000000E+18 , 1.000000E-09 , 1.000000E+09 , 9.100000E-01 , 3.157634E+08
1.000000E+18 , 1.000000E-08 , 1.000000E+09 , 9.100000E-01 , 9.000919E+08
1.000000E+18 , 1.000000E-07 , 1.000000E+09 , 9.100000E-01 , 2.631882E+09
1.000000E+19 , 1.000000E-11 , 1.000000E+09 , 9.100000E-01 , 5.541703E+07
1.000000E+19 , 1.000000E-10 , 1.000000E+09 , 9.100000E-01 , 1.172133E+08
1.000000E+19 , 1.000000E-09 , 1.000000E+09 , 9.100000E-01 , 3.157644E+08
1.000000E+19 , 1.000000E-08 , 1.000000E+09 , 9.100000E-01 , 9.000950E+08
1.000000E+19 , 1.000000E-07 , 1.000000E+09 , 9.100000E-01 , 2.631885E+09
1.000000E+13 , 1.000000E-11 , 1.000000E+10 , 9.100000E-01 , 4.046652E+06
1.000000E+13 , 1.000000E-10 , 1.000000E+10 , 9.100000E-01 , 7.347078E+06
1.000000E+13 , 1.000000E-09 , 1.000000E+10 , 9.100000E-01 , 1.854256E+07
1.000000E+13 , 1.000000E-08 , 1.000000E+10 , 9.100000E-01 , 5.200047E+07
1.000000E+13 , 1.000000E-07 , 1.000000E+10 , 9.100000E-01 , 1.598091E+08
1.000000E+14 , 1.000000E-11 , 1.000000E+10 , 9.100000E-01 , 1.172289E+07
1.000000E+14 , 1.000000E-10 , 1.000000E+10 , 9.100000E-01 , 2.619947E+07
1.000000E+14 , 1.000000E-09 , 1.000000E+10 , 9.100000E-01 , 7.144571E+07
1.000000E+14 , 1.000000E-08 , 1.000000E+10 , 9.100000E-01 , 2.033055E+08
1.000000E+14 , 1.000000E-07 , 1.000000E+10 , 9.100000E-01 , 8.128685E+08
1.000000E+15 , 1.000000E-11 , 1.000000E+10 , 9.100000E-01 , 1.361103E+07
1.000000E+15 , 1.000000E-10 , 1.000000E+10 , 9.100000E-01 , 3.204021E+07
1.000000E+15 , 1.000000E-09 , 1.000000E+10 , 9.100000E-01 , 8.918611E+07
1.000000E+15 , 1.000000E-08 , 1.000000E+10 , 9.100000E-01 , 2.531048E+08
1.000000E+15 , 1.000000E-07 , 1.000000E+10 , 9.100000E-01 , 9.408984E+08
1.000000E+16 , 1.000000E-11 , 1.000000E+10 , 9.100000E-01 , 1.377097E+07
1.000000E+16 , 1.000000E-10 , 1.000000E+10 , 9.100000E-01 , 3.257208E+07
1.000000E+16 , 1.000000E-09 , 1.000000E+10 , 9.100000E-01 , 9.085370E+07
1.000000E+16 , 1.000000E-08 , 1.000000E+10 , 9.100000E-01 , 2.577734E+08
1.000000E+16 , 1.000000E-07 , 1.000000E+10 , 9.100000E-01 , 9.433585E+08
1.000000E+17 , 1.000000E-11 , 1.000000E+10 , 9.100000E-01 , 1.378650E+07
1.000000E+17 , 1.000000E-10 , 1.000000E+10 , 9.100000E-01 , 3.262414E+07
1.000000E+17 , 1.000000E-09 , 1.000000E+10 , 9.100000E-01 , 9.101758E+07
1.000000E+17 , 1.000000E-08 , 1.000000E+10 , 9.100000E-01 , 2.582330E+08
1.000000E+17 , 1.000000E-07 , 1.000000E+10 , 9.100000E-01 , 9.434802E+08
1.000000E+18 , 1.000000E-11 , 1.000000E+10 , 9.100000E-01 , 1.378805E+07
1.000000E+18 , 1.000000E-10 , 1.000000E+10 , 9.100000E-01 , 3.262934E+07
1.000000E+18 , 1.000000E-09 , 1.000000E+10 , 9.100000E-01 , 9.103394E+07
1.000000E+18 , 1.000000E-08 , 1.000000E+10 , 9.100000E-01 , 2.582789E+08
1.000000E+18 , 1.000000E-07 , 1.000000E+10 , 9.100000E-01 , 9.434912E+08
1.000000E+19 , 1.000000E-11 , 1.000000E+10 , 9.100000E-01 , 1.378820E+07
1.000000E+19 , 1.000000E-10 , 1.000000E+10 , 9.100000E-01 , 3.262985E+07
1.000000E+19 , 1.000000E-09 , 1.000000E+10 , 9.100000E-01 , 9.103557E+07
1.000000E+19 , 1.000000E-08 , 1.000000E+10 , 9.100000E-01 , 2.582835E+08
1.000000E+19 , 1.000000E-07 , 1.000000E+10 , 9.100000E-01 , 9.434922E+08
1.000000E+13 , 1.000000E-11 , 1.000000E+07 , 9.200000E-01 , 1.494346E+06
1.000000E+13 , 1.000000E-10 , 1.000000E+07 , 9.200000E-01 , 2.743718E+06
1.000000E+13 , 1.000000E-09 , 1.000000E+07 , 9.200000E-01 , 6.993808E+06
1.000000E+13 , 1.000000E-08 , 1.000000E+07 , 9.200000E-01 , 1.983776E+07
1.000000E+13 , 1.000000E-07 , 1.000000E+07 , 9.200000E-01 , 5.596997E+07
1.000000E+14 , 1.000000E-11 , 1.000000E+07 , 9.200000E-01 , 1.494492E+06
1.000000E+14 , 1.000000E-10 , 1.000000E+07 , 9.200000E-01 , 2.744119E+06
1.000000E+14 , 1.000000E-09 , 1.000000E+07 , 9.200000E-01 , 6.994995E+06
1.000000E+14 , 1.000000E-08 , 1.000000E+07 , 9.200000E-01 , 1.984133E+07
1.000000E+14 , 1.000000E-07 , 1.000000E+07 , 9.200000E-01 , 5.597890E+07
1.000000E+15 , 1.000000E-11 , 1.000000E+07 , 9.200000E-01 , 1.494498E+06
1.000000E+15 , 1.000000E-10 , 1.000000E+07 , 9.200000E-01 , 2.744144E+06
1.000000E+15 , 1.000000E-09 , 1.000000E+07 , 9.200000E-01 , 6.995075E+06
1.000000E+15 , 1.000000E-08 , 1.000000E+07 , 9.200000E-01 , 1.984157E+07
1.000000E+15 , 1.000000E-07 , 1.000000E+07 , 9.200000E-01 , 5.597949E+07
1.000000E+16 , 1.000000E-11 , 1.000000E+07 , 9.200000E-01 , 1.494499E+06
1.000000E+16 , 1.000000E-10 , 1.000000E+07 , 9.200000E-01 , 2.744146E+06
1.000000E+16 , 1.000000E-09 , 1.000000E+07 , 9.200000E-01 , 6.995083E+06
1.000000E+16 , 1.000000E-08 , 1.000000E+07 , 9.200000E-01 , 1.984160E+07
1.000000E+16 , 1.000000E-07 , 1.000000E+07 , 9.200000E-01 , 5.597954E+07
1.000000E+17 , 1.000000E-11 , 1.000000E+07 , 9.200000E-01 , 1.494499E+06
1.000000E+17 , 1.000000E-10 , 1.000000E+07 , 9.200000E-01 , 2.744146E+06
1.000000E+17 , 1.000000E-09 , 1.000000E+07 , 9.200000E-01 , 6.995083E+06
1.000000E+17 , 1.000000E-08 , 1.000000E+07 , 9.200000E-01 , 1.984160E+07
1.000000E+17 , 1.000000E-07 , 1.000000E+07 , 9.200000E-01 , 5.597955E+07
1.000000E+18 , 1.000000E-11 , 1.000000E+07 , 9.200000E-01 , 1.494499E+06
1.000000E+18 , 1.000000E-10 , 1.000000E+07 , 9.200000E-01 , 2.744146E+06
1.000000E+18 , 1.000000E-09 , 1.000000E+07 , 9.200000E-01 , 6.995084E+06
1.000000E+18 , 1.000000E-08 , 1.000000E+07 , 9.200000E-01 , 1.984160E+07
1.000000E+18 , 1.000000E-07 , 1.000000E+07 , 9.200000E-01 , 5.597955E+07
1.000000E+19 , 1.000000E-11 , 1.000000E+07 , 9.200000E-01 , 1.494499E+06
1.000000E+19 , 1.000000E-10 , 1.000000E+07 , 9.200000E-01 , 2.744146E+06
1.000000E+19 , 1.000000E-09 , 1.000000E+07 , 9.200000E-01 , 6.995084E+06
1.000000E+19 , 1.000000E-08 , 1.000000E+07 , 9.200000E-01 , 1.984160E+07
1.000000E+19 , 1.000000E-07 , 1.000000E+07 , 9.200000E-01 , 5.597955E+07
1.000000E+13 , 1.000000E-11 , 1.000000E+08 , 9.200000E-01 , 4.458193E+06
1.000000E+13 , 1.000000E-10 , 1.000000E+08 , 9.200000E-01 , 8.330942E+06
1.000000E+13 , 1.000000E-09 , 1.000000E+08 , 9.200000E-01 , 2.139078E+07
1.000000E+13 , 1.000000E-08 , 1.000000E+08 , 9.200000E-01 , 6.070870E+07
1.000000E+13 , 1.000000E-07 , 1.000000E+08 , 9.200000E-01 , 1.716860E+08
1.000000E+14 , 1.000000E-11 , 1.000000E+08 , 9.200000E-01 , 4.521523E+06
1.000000E+14 , 1.000000E-10 , 1.000000E+08 , 9.200000E-01 , 8.487709E+06
1.000000E+14 , 1.000000E-09 , 1.000000E+08 , 9.200000E-01 , 2.183980E+07
1.000000E+14 , 1.000000E-08 , 1.000000E+08 , 9.200000E-01 , 6.203508E+07
1.000000E+14 , 1.000000E-07 , 1.000000E+08 , 9.200000E-01 , 1.750606E+08
1.000000E+15 , 1.000000E-11 , 1.000000E+08 , 9.200000E-01 , 4.523558E+06
1.000000E+15 , 1.000000E-10 , 1.000000E+08 , 9.200000E-01 , 8.494966E+06
1.000000E+15 , 1.000000E-09 , 1.000000E+08 , 9.200000E-01 , 2.186269E+07
1.000000E+15 , 1.000000E-08 , 1.000000E+08 , 9.200000E-01 , 6.210528E+07
1.000000E+15 , 1.000000E-07 , 1.000000E+08 , 9.200000E-01 , 1.752195E+08
1.000000E+16 , 1.000000E-11 , 1.000000E+08 , 9.200000E-01 , 4.523716E+06
1.000000E+16 , 1.000000E-10 , 1.000000E+08 , 9.200000E-01 , 8.495601E+06
1.000000E+16 , 1.000000E-09 , 1.000000E+08 , 9.200000E-01 , 2.186475E+07
1.000000E+16 , 1.000000E-08 , 1.000000E+08 , 9.200000E-01 , 6.211162E+07
1.000000E+16 , 1.000000E-07 , 1.000000E+08 , 9.200000E-01 , 1.752334E+08
1.000000E+17 , 1.000000E-11 , 1.000000E+08 , 9.200000E-01 , 4.523731E+06
1.000000E+17 , 1.000000E-10 , 1.000000E+08 , 9.200000E-01 , 8.495664E+06
1.000000E+17 , 1.000000E-09 , 1.000000E+08 , 9.200000E-01 , 2.186495E+07
1.000000E+17 , 1.000000E-08 , 1.000000E+08 , 9.200000E-01 , 6.211224E+07
1.000000E+17 , 1.000000E-07 , 1.000000E+08 , 9.200000E-01 , 1.752348E+08
1.000000E+18 , 1.000000E-11 , 1.000000E+08 , 9.200000E-01 , 4.523733E+06
1.000000E+18 , 1.000000E-10 , 1.000000E+08 , 9.200000E-01 , 8.495670E+06
1.000000E+18 , 1.000000E-09 , 1.000000E+08 , 9.200000E-01 , 2.186497E+07
1.000000E+18 , 1.000000E-08 , 1.000000E+08 , 9.200000E-01 , 6.211231E+07
1.000000E+18 , 1.000000E-07 , 1.000000E+08 , 9.200000E-01 , 1.752349E+08
1.000000E+19 , 1.000000E-11 , 1.000000E+08 , 9.200000E-01 , 4.523733E+06
1.000000E+19 , 1.000000E-10 , 1.000000E+08 , 9.200000E-01 , 8.495671E+06
1.000000E+19 , 1.000000E-09 , 1.000000E+08 , 9.200000E-01 , 2.186497E+07
1.000000E+19 , 1.000000E-08 , 1.000000E+08 , 9.200000E-01 , 6.211231E+07
1.000000E+19 , 1.000000E-07 , 1.000000E+08 , 9.200000E-01 , 1.752350E+08
1.000000E+13 , 1.000000E-11 , 1.000000E+09 , 9.200000E-01 , 7.267828E+06
1.000000E+13 , 1.000000E-10 , 1.000000E+09 , 9.200000E-01 , 1.343978E+07
1.000000E+13 , 1.000000E-09 , 1.000000E+09 , 9.200000E-01 , 3.422917E+07
1.000000E+13 , 1.000000E-08 , 1.000000E+09 , 9.200000E-01 , 9.632620E+07
1.000000E+13 , 1.000000E-07 , 1.000000E+09 , 9.200000E-01 , 2.898481E+08
1.000000E+14 , 1.000000E-11 , 1.000000E+09 , 9.200000E-01 , 8.173931E+07
1.000000E+14 , 1.000000E-10 , 1.000000E+09 , 9.200000E-01 , 1.691435E+08
1.000000E+14 , 1.000000E-09 , 1.000000E+09 , 9.200000E-01 , 4.515988E+08
1.000000E+14 , 1.000000E-08 , 1.000000E+09 , 9.200000E-01 , 1.284545E+09
1.000000E+14 , 1.000000E-07 , 1.000000E+09 , 9.200000E-01 , 3.815362E+09
1.000000E+15 , 1.000000E-11 , 1.000000E+09 , 9.200000E-01 , 1.035871E+08
1.000000E+15 , 1.000000E-10 , 1.000000E+09 , 9.200000E-01 , 2.171563E+08
1.000000E+15 , 1.000000E-09 , 1.000000E+09 , 9.200000E-01 , 5.831007E+08
1.000000E+15 , 1.000000E-08 , 1.000000E+09 , 9.200000E-01 , 1.661803E+09
1.000000E+15 , 1.000000E-07 , 1.000000E+09 , 9.200000E-01 , 4.841442E+09
1.000000E+16 , 1.000000E-11 , 1.000000E+09 , 9.200000E-01 , 1.040180E+08
1.000000E+16 , 1.000000E-10 , 1.000000E+09 , 9.200000E-01 , 2.183257E+08
1.000000E+16 , 1.000000E-09 , 1.000000E+09 , 9.200000E-01 , 5.865588E+08
1.000000E+16 , 1.000000E-08 , 1.000000E+09 , 9.200000E-01 , 1.671998E+09
1.000000E+16 , 1.000000E-07 , 1.000000E+09 , 9.200000E-01 , 4.860769E+09
1.000000E+17 , 1.000000E-11 , 1.000000E+09 , 9.200000E-01 , 1.040378E+08
1.000000E+17 , 1.000000E-10 , 1.000000E+09 , 9.200000E-01 , 2.183936E+08
1.000000E+17 , 1.000000E-09 , 1.000000E+09 , 9.200000E-01 , 5.867729E+08
1.000000E+17 , 1.000000E-08 , 1.000000E+09 , 9.200000E-01 , 1.672643E+09
1.000000E+17 , 1.000000E-07 , 1.000000E+09 , 9.200000E-01 , 4.861598E+09
1.000000E+18 , 1.000000E-11 , 1.000000E+09 , 9.200000E-01 , 1.040395E+08
1.000000E+18 , 1.000000E-10 , 1.000000E+09 , 9.200000E-01 , 2.183999E+08
1.000000E+18 , 1.000000E-09 , 1.000000E+09 , 9.200000E-01 , 5.867930E+08
1.000000E+18 , 1.000000E-08 , 1.000000E+09 , 9.200000E-01 , 1.672703E+09
1.000000E+18 , 1.000000E-07 , 1.000000E+09 , 9.200000E-01 , 4.861670E+09
1.000000E+19 , 1.000000E-11 , 1.000000E+09 , 9.200000E-01 , 1.040397E+08
1.000000E+19 , 1.000000E-10 , 1.000000E+09 , 9.200000E-01 , 2.184005E+08
1.000000E+19 , 1.000000E-09 , 1.000000E+09 , 9.200000E-01 , 5.867949E+08
1.000000E+19 , 1.000000E-08 , 1.000000E+09 , 9.200000E-01 , 1.672709E+09
1.000000E+19 , 1.000000E-07 , 1.000000E+09 , 9.200000E-01 , 4.861677E+09
1.000000E+13 , 1.000000E-11 , 1.000000E+10 , 9.200000E-01 , 4.597766E+06
1.000000E+13 , 1.000000E-10 , 1.000000E+10 , 9.200000E-01 , 8.179494E+06
1.000000E+13 , 1.000000E-09 , 1.000000E+10 , 9.200000E-01 , 2.045253E+07
1.000000E+13 , 1.000000E-08 , 1.000000E+10 , 9.200000E-01 , 5.721736E+07
1.000000E+13 , 1.000000E-07 , 1.000000E+10 , 9.200000E-01 , 1.754206E+08
1.000000E+14 , 1.000000E-11 , 1.000000E+10 , 9.200000E-01 , 1.054296E+07
1.000000E+14 , 1.000000E-10 , 1.000000E+10 , 9.200000E-01 , 2.349983E+07
1.000000E+14 , 1.000000E-09 , 1.000000E+10 , 9.200000E-01 , 6.402259E+07
1.000000E+14 , 1.000000E-08 , 1.000000E+10 , 9.200000E-01 , 1.821772E+08
1.000000E+14 , 1.000000E-07 , 1.000000E+10 , 9.200000E-01 , 7.275682E+08
1.000000E+15 , 1.000000E-11 , 1.000000E+10 , 9.200000E-01 , 1.168827E+07
1.000000E+15 , 1.000000E-10 , 1.000000E+10 , 9.200000E-01 , 2.747506E+07
1.000000E+15 , 1.000000E-09 , 1.000000E+10 , 9.200000E-01 , 7.644768E+07
1.000000E+15 , 1.000000E-08 , 1.000000E+10 , 9.200000E-01 , 2.169704E+08
1.000000E+15 , 1.000000E-07 , 1.000000E+10 , 9.200000E-01 , 8.035080E+08
1.000000E+16 , 1.000000E-11 , 1.000000E+10 , 9.200000E-01 , 1.182195E+07
1.000000E+16 , 1.000000E-10 , 1.000000E+10 , 9.200000E-01 , 2.792629E+07
1.000000E+16 , 1.000000E-09 , 1.000000E+10 , 9.200000E-01 , 7.786818E+07
1.000000E+16 , 1.000000E-08 , 1.000000E+10 , 9.200000E-01 , 2.209512E+08
1.000000E+16 , 1.000000E-07 , 1.000000E+10 , 9.200000E-01 , 8.052135E+08
1.000000E+17 , 1.000000E-11 , 1.000000E+10 , 9.200000E-01 , 1.183551E+07
1.000000E+17 , 1.000000E-10 , 1.000000E+10 , 9.200000E-01 , 2.797187E+07
1.000000E+17 , 1.000000E-09 , 1.000000E+10 , 9.200000E-01 , 7.801175E+07
1.000000E+17 , 1.000000E-08 , 1.000000E+10 , 9.200000E-01 , 2.213544E+08
1.000000E+17 , 1.000000E-07 , 1.000000E+10 , 9.200000E-01 , 8.053180E+08
1.000000E+18 , 1.000000E-11 , 1.000000E+10 , 9.200000E-01 , 1.183687E+07
1.000000E+18 , 1.000000E-10 , 1.000000E+10 , 9.200000E-01 , 2.797644E+07
1.000000E+18 , 1.000000E-09 , 1.000000E+10 , 9.200000E-01 , 7.802612E+07
1.000000E+18 , 1.000000E-08 , 1.000000E+10 , 9.200000E-01 , 2.213948E+08
1.000000E+18 , 1.000000E-07 , 1.000000E+10 , 9.200000E-01 , 8.053278E+08
1.000000E+19 , 1.000000E-11 , 1.000000E+10 , 9.200000E-01 , 1.183700E+07
1.000000E+19 , 1.000000E-10 , 1.000000E+10 , 9.200000E-01 , 2.797689E+07
1.000000E+19 , 1.000000E-09 , 1.000000E+10 , 9.200000E-01 , 7.802756E+07
1.000000E+19 , 1.000000E-08 , 1.000000E+10 , 9.200000E-01 , 2.213988E+08
1.000000E+19 , 1.000000E-07 , 1.000000E+10 , 9.200000E-01 , 8.053288E+08
1.000000E+13 , 1.000000E-11 , 1.000000E+07 , 9.300000E-01 , 1.681877E+06
1.000000E+13 , 1.000000E-10 , 1.000000E+07 , 9.300000E-01 , 3.007514E+06
1.000000E+13 , 1.000000E-09 , 1.000000E+07 , 9.300000E-01 , 7.577469E+06
1.000000E+13 , 1.000000E-08 , 1.000000E+07 , 9.300000E-01 , 2.144919E+07
1.000000E+13 , 1.000000E-07 , 1.000000E+07 , 9.300000E-01 , 6.055259E+07
1.000000E+14 , 1.000000E-11 , 1.000000E+07 , 9.300000E-01 , 1.682048E+06
1.000000E+14 , 1.000000E-10 , 1.000000E+07 , 9.300000E-01 , 3.007994E+06
1.000000E+14 , 1.000000E-09 , 1.000000E+07 , 9.300000E-01 , 7.578899E+06
1.000000E+14 , 1.000000E-08 , 1.000000E+07 , 9.300000E-01 , 2.145350E+07
1.000000E+14 , 1.000000E-07 , 1.000000E+07 , 9.300000E-01 , 6.056370E+07
1.000000E+15 , 1.000000E-11 , 1.000000E+07 , 9.300000E-01 , 1.682055E+06
1.000000E+15 , 1.000000E-10 , 1.000000E+07 , 9.300000E-01 , 3.008025E+06
1.000000E+15 , 1.000000E-09 , 1.000000E+07 , 9.300000E-01 , 7.578999E+06
1.000000E+15 , 1.000000E-08 , 1.000000E+07 , 9.300000E-01 , 2.145381E+07
1.000000E+15 , 1.000000E-07 , 1.000000E+07 , 9.300000E-01 , 6.056447E+07
1.000000E+16 , 1.000000E-11 , 1.000000E+07 , 9.300000E-01 , 1.682056E+06
1.000000E+16 , 1.000000E-10 , 1.000000E+07 , 9.300000E-01 , 3.008028E+06
1.000000E+16 , 1.000000E-09 , 1.000000E+07 , 9.300000E-01 , 7.579008E+06
1.000000E+16 , 1.000000E-08 , 1.000000E+07 , 9.300000E-01 , 2.145384E+07
1.000000E+16 , 1.000000E-07 , 1.000000E+07 , 9.300000E-01 , 6.056454E+07
1.000000E+17 , 1.000000E-11 , 1.000000E+07 , 9.300000E-01 , 1.682056E+06
1.000000E+17 , 1.000000E-10 , 1.000000E+07 , 9.300000E-01 , 3.008029E+06
1.000000E+17 , 1.000000E-09 , 1.000000E+07 , 9.300000E-01 , 7.579009E+06
1.000000E+17 , 1.000000E-08 , 1.000000E+07 , 9.300000E-01 , 2.145385E+07
1.000000E+17 , 1.000000E-07 , 1.000000E+07 , 9.300000E-01 , 6.056455E+07
1.000000E+18 , 1.000000E-11 , 1.000000E+07 , 9.300000E-01 , 1.682056E+06
1.000000E+18 , 1.000000E-10 , 1.000000E+07 , 9.300000E-01 , 3.008029E+06
1.000000E+18 , 1.000000E-09 , 1.000000E+07 , 9.300000E-01 , 7.579009E+06
1.000000E+18 , 1.000000E-08 , 1.000000E+07 , 9.300000E-01 , 2.145385E+07
1.000000E+18 , 1.000000E-07 , 1.000000E+07 , 9.300000E-01 , 6.056455E+07
1.000000E+19 , 1.000000E-11 , 1.000000E+07 , 9.300000E-01 , 1.682056E+06
1.000000E+19 , 1.000000E-10 , 1.000000E+07 , 9.300000E-01 , 3.008029E+06
1.000000E+19 , 1.000000E-09 , 1.000000E+07 , 9.300000E-01 , 7.579010E+06
1.000000E+19 , 1.000000E-08 , 1.000000E+07 , 9.300000E-01 , 2.145385E+07
1.000000E+19 , 1.000000E-07 , 1.000000E+07 , 9.300000E-01 , 6.056455E+07
1.000000E+13 , 1.000000E-11 , 1.000000E+08 , 9.300000E-01 , 5.225662E+06
1.000000E+13 , 1.000000E-10 , 1.000000E+08 , 9.300000E-01 , 9.542132E+06
1.000000E+13 , 1.000000E-09 , 1.000000E+08 , 9.300000E-01 , 2.425872E+07
1.000000E+13 , 1.000000E-08 , 1.000000E+08 , 9.300000E-01 , 6.873409E+07
1.000000E+13 , 1.000000E-07 , 1.000000E+08 , 9.300000E-01 , 1.943426E+08
1.000000E+14 , 1.000000E-11 , 1.000000E+08 , 9.300000E-01 , 5.309149E+06
1.000000E+14 , 1.000000E-10 , 1.000000E+08 , 9.300000E-01 , 9.746138E+06
1.000000E+14 , 1.000000E-09 , 1.000000E+08 , 9.300000E-01 , 2.484053E+07
1.000000E+14 , 1.000000E-08 , 1.000000E+08 , 9.300000E-01 , 7.045396E+07
1.000000E+14 , 1.000000E-07 , 1.000000E+08 , 9.300000E-01 , 1.988169E+08
1.000000E+15 , 1.000000E-11 , 1.000000E+08 , 9.300000E-01 , 5.311741E+06
1.000000E+15 , 1.000000E-10 , 1.000000E+08 , 9.300000E-01 , 9.755519E+06
1.000000E+15 , 1.000000E-09 , 1.000000E+08 , 9.300000E-01 , 2.487017E+07
1.000000E+15 , 1.000000E-08 , 1.000000E+08 , 9.300000E-01 , 7.054507E+07
1.000000E+15 , 1.000000E-07 , 1.000000E+08 , 9.300000E-01 , 1.990340E+08
1.000000E+16 , 1.000000E-11 , 1.000000E+08 , 9.300000E-01 , 5.311939E+06
1.000000E+16 , 1.000000E-10 , 1.000000E+08 , 9.300000E-01 , 9.756338E+06
1.000000E+16 , 1.000000E-09 , 1.000000E+08 , 9.300000E-01 , 2.487283E+07
1.000000E+16 , 1.000000E-08 , 1.000000E+08 , 9.300000E-01 , 7.055330E+07
1.000000E+16 , 1.000000E-07 , 1.000000E+08 , 9.300000E-01 , 1.990533E+08
1.000000E+17 , 1.000000E-11 , 1.000000E+08 , 9.300000E-01 , 5.311958E+06
1.000000E+17 , 1.000000E-10 , 1.000000E+08 , 9.300000E-01 , 9.756419E+06
1.000000E+17 , 1.000000E-09 , 1.000000E+08 , 9.300000E-01 , 2.487309E+07
1.000000E+17 , 1.000000E-08 , 1.000000E+08 , 9.300000E-01 , 7.055412E+07
1.000000E+17 , 1.000000E-07 , 1.000000E+08 , 9.300000E-01 , 1.990552E+08
1.000000E+18 , 1.000000E-11 , 1.000000E+08 , 9.300000E-01 , 5.311960E+06
1.000000E+18 , 1.000000E-10 , 1.000000E+08 , 9.300000E-01 , 9.756427E+06
1.000000E+18 , 1.000000E-09 , 1.000000E+08 , 9.300000E-01 , 2.487312E+07
1.000000E+18 , 1.000000E-08 , 1.000000E+08 , 9.300000E-01 , 7.055420E+07
1.000000E+18 , 1.000000E-07 , 1.000000E+08 , 9.300000E-01 , 1.990554E+08
1.000000E+19 , 1.000000E-11 , 1.000000E+08 , 9.300000E-01 , 5.311960E+06
1.000000E+19 , 1.000000E-10 , 1.000000E+08 , 9.300000E-01 , 9.756428E+06
1.000000E+19 , 1.000000E-09 , 1.000000E+08 , 9.300000E-01 , 2.487312E+07
1.000000E+19 , 1.000000E-08 , 1.000000E+08 , 9.300000E-01 , 7.055421E+07
1.000000E+19 , 1.000000E-07 , 1.000000E+08 , 9.300000E-01 , 1.990554E+08
1.000000E+13 , 1.000000E-11 , 1.000000E+09 , 9.300000E-01 , 8.841426E+06
1.000000E+13 , 1.000000E-10 , 1.000000E+09 , 9.300000E-01 , 1.602103E+07
1.000000E+13 , 1.000000E-09 , 1.000000E+09 , 9.300000E-01 , 4.043733E+07
1.000000E+13 , 1.000000E-08 , 1.000000E+09 , 9.300000E-01 , 1.135508E+08
1.000000E+13 , 1.000000E-07 , 1.000000E+09 , 9.300000E-01 , 3.407395E+08
1.000000E+14 , 1.000000E-11 , 1.000000E+09 , 9.300000E-01 , 1.763442E+08
1.000000E+14 , 1.000000E-10 , 1.000000E+09 , 9.300000E-01 , 3.615636E+08
1.000000E+14 , 1.000000E-09 , 1.000000E+09 , 9.300000E-01 , 9.620504E+08
1.000000E+14 , 1.000000E-08 , 1.000000E+09 , 9.300000E-01 , 2.735748E+09
1.000000E+14 , 1.000000E-07 , 1.000000E+09 , 9.300000E-01 , 8.084357E+09
1.000000E+15 , 1.000000E-11 , 1.000000E+09 , 9.300000E-01 , 2.789011E+08
1.000000E+15 , 1.000000E-10 , 1.000000E+09 , 9.300000E-01 , 5.799348E+08
1.000000E+15 , 1.000000E-09 , 1.000000E+09 , 9.300000E-01 , 1.552686E+09
1.000000E+15 , 1.000000E-08 , 1.000000E+09 , 9.300000E-01 , 4.424877E+09
1.000000E+15 , 1.000000E-07 , 1.000000E+09 , 9.300000E-01 , 1.282045E+10
1.000000E+16 , 1.000000E-11 , 1.000000E+09 , 9.300000E-01 , 2.809620E+08
1.000000E+16 , 1.000000E-10 , 1.000000E+09 , 9.300000E-01 , 5.849944E+08
1.000000E+16 , 1.000000E-09 , 1.000000E+09 , 9.300000E-01 , 1.567159E+09
1.000000E+16 , 1.000000E-08 , 1.000000E+09 , 9.300000E-01 , 4.467134E+09
1.000000E+16 , 1.000000E-07 , 1.000000E+09 , 9.300000E-01 , 1.291487E+10
1.000000E+17 , 1.000000E-11 , 1.000000E+09 , 9.300000E-01 , 2.810265E+08
1.000000E+17 , 1.000000E-10 , 1.000000E+09 , 9.300000E-01 , 5.852056E+08
1.000000E+17 , 1.000000E-09 , 1.000000E+09 , 9.300000E-01 , 1.567817E+09
1.000000E+17 , 1.000000E-08 , 1.000000E+09 , 9.300000E-01 , 4.469111E+09
1.000000E+17 , 1.000000E-07 , 1.000000E+09 , 9.300000E-01 , 1.291777E+10
1.000000E+18 , 1.000000E-11 , 1.000000E+09 , 9.300000E-01 , 2.810316E+08
1.000000E+18 , 1.000000E-10 , 1.000000E+09 , 9.300000E-01 , 5.852237E+08
1.000000E+18 , 1.000000E-09 , 1.000000E+09 , 9.300000E-01 , 1.567875E+09
1.000000E+18 , 1.000000E-08 , 1.000000E+09 , 9.300000E-01 , 4.469286E+09
1.000000E+18 , 1.000000E-07 , 1.000000E+09 , 9.300000E-01 , 1.291799E+10
1.000000E+19 , 1.000000E-11 , 1.000000E+09 , 9.300000E-01 , 2.810320E+08
1.000000E+19 , 1.000000E-10 , 1.000000E+09 , 9.300000E-01 , 5.852255E+08
1.000000E+19 , 1.000000E-09 , 1.000000E+09 , 9.300000E-01 , 1.567880E+09
1.000000E+19 , 1.000000E-08 , 1.000000E+09 , 9.300000E-01 , 4.469304E+09
1.000000E+19 , 1.000000E-07 , 1.000000E+09 , 9.300000E-01 , 1.291801E+10
1.000000E+13 , 1.000000E-11 , 1.000000E+10 , 9.300000E-01 , 5.320539E+06
1.000000E+13 , 1.000000E-10 , 1.000000E+10 , 9.300000E-01 , 9.263989E+06
1.000000E+13 , 1.000000E-09 , 1.000000E+10 , 9.300000E-01 , 2.293151E+07
1.000000E+13 , 1.000000E-08 , 1.000000E+10 , 9.300000E-01 , 6.397546E+07
1.000000E+13 , 1.000000E-07 , 1.000000E+10 , 9.300000E-01 , 1.957233E+08
1.000000E+14 , 1.000000E-11 , 1.000000E+10 , 9.300000E-01 , 9.455490E+06
1.000000E+14 , 1.000000E-10 , 1.000000E+10 , 9.300000E-01 , 2.101962E+07
1.000000E+14 , 1.000000E-09 , 1.000000E+10 , 9.300000E-01 , 5.721025E+07
1.000000E+14 , 1.000000E-08 , 1.000000E+10 , 9.300000E-01 , 1.627871E+08
1.000000E+14 , 1.000000E-07 , 1.000000E+10 , 9.300000E-01 , 6.494429E+08
1.000000E+15 , 1.000000E-11 , 1.000000E+10 , 9.300000E-01 , 1.013475E+07
1.000000E+15 , 1.000000E-10 , 1.000000E+10 , 9.300000E-01 , 2.378921E+07
1.000000E+15 , 1.000000E-09 , 1.000000E+10 , 9.300000E-01 , 6.616479E+07
1.000000E+15 , 1.000000E-08 , 1.000000E+10 , 9.300000E-01 , 1.878000E+08
1.000000E+15 , 1.000000E-07 , 1.000000E+10 , 9.300000E-01 , 6.928527E+08
1.000000E+16 , 1.000000E-11 , 1.000000E+10 , 9.300000E-01 , 1.024918E+07
1.000000E+16 , 1.000000E-10 , 1.000000E+10 , 9.300000E-01 , 2.417977E+07
1.000000E+16 , 1.000000E-09 , 1.000000E+10 , 9.300000E-01 , 6.739795E+07
1.000000E+16 , 1.000000E-08 , 1.000000E+10 , 9.300000E-01 , 1.912598E+08
1.000000E+16 , 1.000000E-07 , 1.000000E+10 , 9.300000E-01 , 6.940970E+08
1.000000E+17 , 1.000000E-11 , 1.000000E+10 , 9.300000E-01 , 1.026116E+07
1.000000E+17 , 1.000000E-10 , 1.000000E+10 , 9.300000E-01 , 2.422012E+07
1.000000E+17 , 1.000000E-09 , 1.000000E+10 , 9.300000E-01 , 6.752508E+07
1.000000E+17 , 1.000000E-08 , 1.000000E+10 , 9.300000E-01 , 1.916174E+08
1.000000E+17 , 1.000000E-07 , 1.000000E+10 , 9.300000E-01 , 6.941890E+08
1.000000E+18 , 1.000000E-11 , 1.000000E+10 , 9.300000E-01 , 1.026237E+07
1.000000E+18 , 1.000000E-10 , 1.000000E+10 , 9.300000E-01 , 2.422417E+07
1.000000E+18 , 1.000000E-09 , 1.000000E+10 , 9.300000E-01 , 6.753783E+07
1.000000E+18 , 1.000000E-08 , 1.000000E+10 , 9.300000E-01 , 1.916532E+08
1.000000E+18 , 1.000000E-07 , 1.000000E+10 , 9.300000E-01 , 6.941979E+08
1.000000E+19 , 1.000000E-11 , 1.000000E+10 , 9.300000E-01 , 1.026249E+07
1.000000E+19 , 1.000000E-10 , 1.000000E+10 , 9.300000E-01 , 2.422457E+07
1.000000E+19 , 1.000000E-09 , 1.000000E+10 , 9.300000E-01 , 6.753910E+07
1.000000E+19 , 1.000000E-08 , 1.000000E+10 , 9.300000E-01 , 1.916568E+08
1.000000E+19 , 1.000000E-07 , 1.000000E+10 , 9.300000E-01 , 6.941988E+08
1.000000E+13 , 1.000000E-11 , 1.000000E+07 , 9.400000E-01 , 1.933843E+06
1.000000E+13 , 1.000000E-10 , 1.000000E+07 , 9.400000E-01 , 3.351794E+06
1.000000E+13 , 1.000000E-09 , 1.000000E+07 , 9.400000E-01 , 8.324587E+06
1.000000E+13 , 1.000000E-08 , 1.000000E+07 , 9.400000E-01 , 2.349683E+07
1.000000E+13 , 1.000000E-07 , 1.000000E+07 , 9.400000E-01 , 6.640394E+07
1.000000E+14 , 1.000000E-11 , 1.000000E+07 , 9.400000E-01 , 1.934048E+06
1.000000E+14 , 1.000000E-10 , 1.000000E+07 , 9.400000E-01 , 3.352387E+06
1.000000E+14 , 1.000000E-09 , 1.000000E+07 , 9.400000E-01 , 8.326364E+06
1.000000E+14 , 1.000000E-08 , 1.000000E+07 , 9.400000E-01 , 2.350222E+07
1.000000E+14 , 1.000000E-07 , 1.000000E+07 , 9.400000E-01 , 6.641821E+07
1.000000E+15 , 1.000000E-11 , 1.000000E+07 , 9.400000E-01 , 1.934058E+06
1.000000E+15 , 1.000000E-10 , 1.000000E+07 , 9.400000E-01 , 3.352427E+06
1.000000E+15 , 1.000000E-09 , 1.000000E+07 , 9.400000E-01 , 8.326492E+06
1.000000E+15 , 1.000000E-08 , 1.000000E+07 , 9.400000E-01 , 2.350262E+07
1.000000E+15 , 1.000000E-07 , 1.000000E+07 , 9.400000E-01 , 6.641924E+07
1.000000E+16 , 1.000000E-11 , 1.000000E+07 , 9.400000E-01 , 1.934059E+06
1.000000E+16 , 1.000000E-10 , 1.000000E+07 , 9.400000E-01 , 3.352431E+06
1.000000E+16 , 1.000000E-09 , 1.000000E+07 , 9.400000E-01 , 8.326504E+06
1.000000E+16 , 1.000000E-08 , 1.000000E+07 , 9.400000E-01 , 2.350266E+07
1.000000E+16 , 1.000000E-07 , 1.000000E+07 , 9.400000E-01 , 6.641934E+07
1.000000E+17 , 1.000000E-11 , 1.000000E+07 , 9.400000E-01 , 1.934059E+06
1.000000E+17 , 1.000000E-10 , 1.000000E+07 , 9.400000E-01 , 3.352431E+06
1.000000E+17 , 1.000000E-09 , 1.000000E+07 , 9.400000E-01 , 8.326506E+06
1.000000E+17 , 1.000000E-08 , 1.000000E+07 , 9.400000E-01 , 2.350266E+07
1.000000E+17 , 1.000000E-07 , 1.000000E+07 , 9.400000E-01 , 6.641935E+07
1.000000E+18 , 1.000000E-11 , 1.000000E+07 , 9.400000E-01 , 1.934059E+06
1.000000E+18 , 1.000000E-10 , 1.000000E+07 , 9.400000E-01 , 3.352431E+06
1.000000E+18 , 1.000000E-09 , 1.000000E+07 , 9.400000E-01 , 8.326506E+06
1.000000E+18 , 1.000000E-08 , 1.000000E+07 , 9.400000E-01 , 2.350266E+07
1.000000E+18 , 1.000000E-07 , 1.000000E+07 , 9.400000E-01 , 6.641935E+07
1.000000E+19 , 1.000000E-11 , 1.000000E+07 , 9.400000E-01 , 1.934059E+06
1.000000E+19 , 1.000000E-10 , 1.000000E+07 , 9.400000E-01 , 3.352431E+06
1.000000E+19 , 1.000000E-09 , 1.000000E+07 , 9.400000E-01 , 8.326506E+06
1.000000E+19 , 1.000000E-08 , 1.000000E+07 , 9.400000E-01 , 2.350266E+07
1.000000E+19 , 1.000000E-07 , 1.000000E+07 , 9.400000E-01 , 6.641935E+07
1.000000E+13 , 1.000000E-11 , 1.000000E+08 , 9.400000E-01 , 6.340081E+06
1.000000E+13 , 1.000000E-10 , 1.000000E+08 , 9.400000E-01 , 1.127065E+07
1.000000E+13 , 1.000000E-09 , 1.000000E+08 , 9.400000E-01 , 2.831288E+07
1.000000E+13 , 1.000000E-08 , 1.000000E+08 , 9.400000E-01 , 8.004078E+07
1.000000E+13 , 1.000000E-07 , 1.000000E+08 , 9.400000E-01 , 2.263820E+08
1.000000E+14 , 1.000000E-11 , 1.000000E+08 , 9.400000E-01 , 6.455988E+06
1.000000E+14 , 1.000000E-10 , 1.000000E+08 , 9.400000E-01 , 1.154908E+07
1.000000E+14 , 1.000000E-09 , 1.000000E+08 , 9.400000E-01 , 2.910239E+07
1.000000E+14 , 1.000000E-08 , 1.000000E+08 , 9.400000E-01 , 8.237536E+07
1.000000E+14 , 1.000000E-07 , 1.000000E+08 , 9.400000E-01 , 2.325854E+08
1.000000E+15 , 1.000000E-11 , 1.000000E+08 , 9.400000E-01 , 6.459428E+06
1.000000E+15 , 1.000000E-10 , 1.000000E+08 , 9.400000E-01 , 1.156174E+07
1.000000E+15 , 1.000000E-09 , 1.000000E+08 , 9.400000E-01 , 2.914248E+07
1.000000E+15 , 1.000000E-08 , 1.000000E+08 , 9.400000E-01 , 8.249887E+07
1.000000E+15 , 1.000000E-07 , 1.000000E+08 , 9.400000E-01 , 2.328936E+08
1.000000E+16 , 1.000000E-11 , 1.000000E+08 , 9.400000E-01 , 6.459685E+06
1.000000E+16 , 1.000000E-10 , 1.000000E+08 , 9.400000E-01 , 1.156284E+07
1.000000E+16 , 1.000000E-09 , 1.000000E+08 , 9.400000E-01 , 2.914606E+07
1.000000E+16 , 1.000000E-08 , 1.000000E+08 , 9.400000E-01 , 8.251002E+07
1.000000E+16 , 1.000000E-07 , 1.000000E+08 , 9.400000E-01 , 2.329210E+08
1.000000E+17 , 1.000000E-11 , 1.000000E+08 , 9.400000E-01 , 6.459710E+06
1.000000E+17 , 1.000000E-10 , 1.000000E+08 , 9.400000E-01 , 1.156295E+07
1.000000E+17 , 1.000000E-09 , 1.000000E+08 , 9.400000E-01 , 2.914642E+07
1.000000E+17 , 1.000000E-08 , 1.000000E+08 , 9.400000E-01 , 8.251113E+07
1.000000E+17 , 1.000000E-07 , 1.000000E+08 , 9.400000E-01 , 2.329237E+08
1.000000E+18 , 1.000000E-11 , 1.000000E+08 , 9.400000E-01 , 6.459712E+06
1.000000E+18 , 1.000000E-10 , 1.000000E+08 , 9.400000E-01 , 1.156296E+07
1.000000E+18 , 1.000000E-09 , 1.000000E+08 , 9.400000E-01 , 2.914645E+07
1.000000E+18 , 1.000000E-08 , 1.000000E+08 , 9.400000E-01 , 8.251124E+07
1.000000E+18 , 1.000000E-07 , 1.000000E+08 , 9.400000E-01 , 2.329240E+08
1.000000E+19 , 1.000000E-11 , 1.000000E+08 , 9.400000E-01 , 6.459713E+06
1.000000E+19 , 1.000000E-10 , 1.000000E+08 , 9.400000E-01 , 1.156296E+07
1.000000E+19 , 1.000000E-09 , 1.000000E+08 , 9.400000E-01 , 2.914646E+07
1.000000E+19 , 1.000000E-08 , 1.000000E+08 , 9.400000E-01 , 8.251125E+07
1.000000E+19 , 1.000000E-07 , 1.000000E+08 , 9.400000E-01 , 2.329240E+08
1.000000E+13 , 1.000000E-11 , 1.000000E+09 , 9.400000E-01 , 1.110638E+07
1.000000E+13 , 1.000000E-10 , 1.000000E+09 , 9.400000E-01 , 1.968355E+07
1.000000E+13 , 1.000000E-09 , 1.000000E+09 , 9.400000E-01 , 4.918072E+07
1.000000E+13 , 1.000000E-08 , 1.000000E+09 , 9.400000E-01 , 1.377480E+08
1.000000E+13 , 1.000000E-07 , 1.000000E+09 , 9.400000E-01 , 4.123217E+08
1.000000E+14 , 1.000000E-11 , 1.000000E+09 , 9.400000E-01 , 5.014076E+08
1.000000E+14 , 1.000000E-10 , 1.000000E+09 , 9.400000E-01 , 1.017945E+09
1.000000E+14 , 1.000000E-09 , 1.000000E+09 , 9.400000E-01 , 2.698499E+09
1.000000E+14 , 1.000000E-08 , 1.000000E+09 , 9.400000E-01 , 7.670951E+09
1.000000E+14 , 1.000000E-07 , 1.000000E+09 , 9.400000E-01 , 2.256226E+10
1.000000E+15 , 1.000000E-11 , 1.000000E+09 , 9.400000E-01 , 2.666219E+09
1.000000E+15 , 1.000000E-10 , 1.000000E+09 , 9.400000E-01 , 5.496031E+09
1.000000E+15 , 1.000000E-09 , 1.000000E+09 , 9.400000E-01 , 1.466842E+10
1.000000E+15 , 1.000000E-08 , 1.000000E+09 , 9.400000E-01 , 4.179859E+10
1.000000E+15 , 1.000000E-07 , 1.000000E+09 , 9.400000E-01 , 1.204999E+11
1.000000E+16 , 1.000000E-11 , 1.000000E+09 , 9.400000E-01 , 2.790324E+09
1.000000E+16 , 1.000000E-10 , 1.000000E+09 , 9.400000E-01 , 5.760153E+09
1.000000E+16 , 1.000000E-09 , 1.000000E+09 , 9.400000E-01 , 1.538328E+10
1.000000E+16 , 1.000000E-08 , 1.000000E+09 , 9.400000E-01 , 4.384674E+10
1.000000E+16 , 1.000000E-07 , 1.000000E+09 , 9.400000E-01 , 1.261278E+11
1.000000E+17 , 1.000000E-11 , 1.000000E+09 , 9.400000E-01 , 2.792078E+09
1.000000E+17 , 1.000000E-10 , 1.000000E+09 , 9.400000E-01 , 5.764599E+09
1.000000E+17 , 1.000000E-09 , 1.000000E+09 , 9.400000E-01 , 1.539614E+10
1.000000E+17 , 1.000000E-08 , 1.000000E+09 , 9.400000E-01 , 4.388452E+10
1.000000E+17 , 1.000000E-07 , 1.000000E+09 , 9.400000E-01 , 1.262086E+11
1.000000E+18 , 1.000000E-11 , 1.000000E+09 , 9.400000E-01 , 2.792141E+09
1.000000E+18 , 1.000000E-10 , 1.000000E+09 , 9.400000E-01 , 5.764812E+09
1.000000E+18 , 1.000000E-09 , 1.000000E+09 , 9.400000E-01 , 1.539681E+10
1.000000E+18 , 1.000000E-08 , 1.000000E+09 , 9.400000E-01 , 4.388654E+10
1.000000E+18 , 1.000000E-07 , 1.000000E+09 , 9.400000E-01 , 1.262116E+11
1.000000E+19 , 1.000000E-11 , 1.000000E+09 , 9.400000E-01 , 2.792146E+09
1.000000E+19 , 1.000000E-10 , 1.000000E+09 , 9.400000E-01 , 5.764831E+09
1.000000E+19 , 1.000000E-09 , 1.000000E+09 , 9.400000E-01 , 1.539687E+10
1.000000E+19 , 1.000000E-08 , 1.000000E+09 , 9.400000E-01 , 4.388672E+10
1.000000E+19 , 1.000000E-07 , 1.000000E+09 , 9.400000E-01 , 1.262119E+11
1.000000E+13 , 1.000000E-11 , 1.000000E+10 , 9.400000E-01 , 6.288073E+06
1.000000E+13 , 1.000000E-10 , 1.000000E+10 , 9.400000E-01 , 1.070638E+07
1.000000E+13 , 1.000000E-09 , 1.000000E+10 , 9.400000E-01 , 2.621620E+07
1.000000E+13 , 1.000000E-08 , 1.000000E+10 , 9.400000E-01 , 7.291373E+07
1.000000E+13 , 1.000000E-07 , 1.000000E+10 , 9.400000E-01 , 2.226534E+08
1.000000E+14 , 1.000000E-11 , 1.000000E+10 , 9.400000E-01 , 8.469904E+06
1.000000E+14 , 1.000000E-10 , 1.000000E+10 , 9.400000E-01 , 1.877812E+07
1.000000E+14 , 1.000000E-09 , 1.000000E+10 , 9.400000E-01 , 5.105964E+07
1.000000E+14 , 1.000000E-08 , 1.000000E+10 , 9.400000E-01 , 1.452805E+08
1.000000E+14 , 1.000000E-07 , 1.000000E+10 , 9.400000E-01 , 5.790313E+08
1.000000E+15 , 1.000000E-11 , 1.000000E+10 , 9.400000E-01 , 8.862398E+06
1.000000E+15 , 1.000000E-10 , 1.000000E+10 , 9.400000E-01 , 2.077260E+07
1.000000E+15 , 1.000000E-09 , 1.000000E+10 , 9.400000E-01 , 5.775060E+07
1.000000E+15 , 1.000000E-08 , 1.000000E+10 , 9.400000E-01 , 1.639295E+08
1.000000E+15 , 1.000000E-07 , 1.000000E+10 , 9.400000E-01 , 6.025129E+08
1.000000E+16 , 1.000000E-11 , 1.000000E+10 , 9.400000E-01 , 8.962238E+06
1.000000E+16 , 1.000000E-10 , 1.000000E+10 , 9.400000E-01 , 2.111611E+07
1.000000E+16 , 1.000000E-09 , 1.000000E+10 , 9.400000E-01 , 5.883750E+07
1.000000E+16 , 1.000000E-08 , 1.000000E+10 , 9.400000E-01 , 1.669829E+08
1.000000E+16 , 1.000000E-07 , 1.000000E+10 , 9.400000E-01 , 6.034703E+08
1.000000E+17 , 1.000000E-11 , 1.000000E+10 , 9.400000E-01 , 8.972929E+06
1.000000E+17 , 1.000000E-10 , 1.000000E+10 , 9.400000E-01 , 2.115215E+07
1.000000E+17 , 1.000000E-09 , 1.000000E+10 , 9.400000E-01 , 5.895109E+07
1.000000E+17 , 1.000000E-08 , 1.000000E+10 , 9.400000E-01 , 1.673028E+08
1.000000E+17 , 1.000000E-07 , 1.000000E+10 , 9.400000E-01 , 6.035528E+08
1.000000E+18 , 1.000000E-11 , 1.000000E+10 , 9.400000E-01 , 8.974005E+06
1.000000E+18 , 1.000000E-10 , 1.000000E+10 , 9.400000E-01 , 2.115577E+07
1.000000E+18 , 1.000000E-09 , 1.000000E+10 , 9.400000E-01 , 5.896250E+07
1.000000E+18 , 1.000000E-08 , 1.000000E+10 , 9.400000E-01 , 1.673350E+08
1.000000E+18 , 1.000000E-07 , 1.000000E+10 , 9.400000E-01 , 6.035610E+08
1.000000E+19 , 1.000000E-11 , 1.000000E+10 , 9.400000E-01 , 8.974113E+06
1.000000E+19 , 1.000000E-10 , 1.000000E+10 , 9.400000E-01 , 2.115613E+07
1.000000E+19 , 1.000000E-09 , 1.000000E+10 , 9.400000E-01 , 5.896364E+07
1.000000E+19 , 1.000000E-08 , 1.000000E+10 , 9.400000E-01 , 1.673382E+08
1.000000E+19 , 1.000000E-07 , 1.000000E+10 , 9.400000E-01 , 6.035618E+08
1.000000E+13 , 1.000000E-11 , 1.000000E+07 , 9.500000E-01 , 2.291134E+06
1.000000E+13 , 1.000000E-10 , 1.000000E+07 , 9.500000E-01 , 3.824104E+06
1.000000E+13 , 1.000000E-09 , 1.000000E+07 , 9.500000E-01 , 9.325887E+06
1.000000E+13 , 1.000000E-08 , 1.000000E+07 , 9.500000E-01 , 2.621620E+07
1.000000E+13 , 1.000000E-07 , 1.000000E+07 , 9.500000E-01 , 7.420010E+07
1.000000E+14 , 1.000000E-11 , 1.000000E+07 , 9.500000E-01 , 2.291390E+06
1.000000E+14 , 1.000000E-10 , 1.000000E+07 , 9.500000E-01 , 3.824869E+06
1.000000E+14 , 1.000000E-09 , 1.000000E+07 , 9.500000E-01 , 9.328196E+06
1.000000E+14 , 1.000000E-08 , 1.000000E+07 , 9.500000E-01 , 2.622323E+07
1.000000E+14 , 1.000000E-07 , 1.000000E+07 , 9.500000E-01 , 7.421923E+07
1.000000E+15 , 1.000000E-11 , 1.000000E+07 , 9.500000E-01 , 2.291401E+06
1.000000E+15 , 1.000000E-10 , 1.000000E+07 , 9.500000E-01 , 3.824921E+06
1.000000E+15 , 1.000000E-09 , 1.000000E+07 , 9.500000E-01 , 9.328368E+06
1.000000E+15 , 1.000000E-08 , 1.000000E+07 , 9.500000E-01 , 2.622377E+07
1.000000E+15 , 1.000000E-07 , 1.000000E+07 , 9.500000E-01 , 7.422067E+07
1.000000E+16 , 1.000000E-11 , 1.000000E+07 , 9.500000E-01 , 2.291402E+06
1.000000E+16 , 1.000000E-10 , 1.000000E+07 , 9.500000E-01 , 3.824926E+06
1.000000E+16 , 1.000000E-09 , 1.000000E+07 , 9.500000E-01 , 9.328384E+06
1.000000E+16 , 1.000000E-08 , 1.000000E+07 , 9.500000E-01 , 2.622382E+07
1.000000E+16 , 1.000000E-07 , 1.000000E+07 , 9.500000E-01 , 7.422081E+07
1.000000E+17 , 1.000000E-11 , 1.000000E+07 , 9.500000E-01 , 2.291402E+06
1.000000E+17 , 1.000000E-10 , 1.000000E+07 , 9.500000E-01 , 3.824927E+06
1.000000E+17 , 1.000000E-09 , 1.000000E+07 , 9.500000E-01 , 9.328386E+06
1.000000E+17 , 1.000000E-08 , 1.000000E+07 , 9.500000E-01 , 2.622382E+07
1.000000E+17 , 1.000000E-07 , 1.000000E+07 , 9.500000E-01 , 7.422083E+07
1.000000E+18 , 1.000000E-11 , 1.000000E+07 , 9.500000E-01 , 2.291402E+06
1.000000E+18 , 1.000000E-10 , 1.000000E+07 , 9.500000E-01 , 3.824927E+06
1.000000E+18 , 1.000000E-09 , 1.000000E+07 , 9.500000E-01 , 9.328386E+06
1.000000E+18 , 1.000000E-08 , 1.000000E+07 , 9.500000E-01 , 2.622382E+07
1.000000E+18 , 1.000000E-07 , 1.000000E+07 , 9.500000E-01 , 7.422083E+07
1.000000E+19 , 1.000000E-11 , 1.000000E+07 , 9.500000E-01 , 2.291402E+06
1.000000E+19 , 1.000000E-10 , 1.000000E+07 , 9.500000E-01 , 3.824927E+06
1.000000E+19 , 1.000000E-09 , 1.000000E+07 , 9.500000E-01 , 9.328386E+06
1.000000E+19 , 1.000000E-08 , 1.000000E+07 , 9.500000E-01 , 2.622382E+07
1.000000E+19 , 1.000000E-07 , 1.000000E+07 , 9.500000E-01 , 7.422083E+07
1.000000E+13 , 1.000000E-11 , 1.000000E+08 , 9.500000E-01 , 8.093159E+06
1.000000E+13 , 1.000000E-10 , 1.000000E+08 , 9.500000E-01 , 1.393816E+07
1.000000E+13 , 1.000000E-09 , 1.000000E+08 , 9.500000E-01 , 3.450192E+07
1.000000E+13 , 1.000000E-08 , 1.000000E+08 , 9.500000E-01 , 9.723513E+07
1.000000E+13 , 1.000000E-07 , 1.000000E+08 , 9.500000E-01 , 2.752090E+08
1.000000E+14 , 1.000000E-11 , 1.000000E+08 , 9.500000E-01 , 8.266823E+06
1.000000E+14 , 1.000000E-10 , 1.000000E+08 , 9.500000E-01 , 1.434557E+07
1.000000E+14 , 1.000000E-09 , 1.000000E+08 , 9.500000E-01 , 3.564804E+07
1.000000E+14 , 1.000000E-08 , 1.000000E+08 , 9.500000E-01 , 1.006229E+08
1.000000E+14 , 1.000000E-07 , 1.000000E+08 , 9.500000E-01 , 2.843889E+08
1.000000E+15 , 1.000000E-11 , 1.000000E+08 , 9.500000E-01 , 8.271671E+06
1.000000E+15 , 1.000000E-10 , 1.000000E+08 , 9.500000E-01 , 1.436376E+07
1.000000E+15 , 1.000000E-09 , 1.000000E+08 , 9.500000E-01 , 3.570576E+07
1.000000E+15 , 1.000000E-08 , 1.000000E+08 , 9.500000E-01 , 1.008012E+08
1.000000E+15 , 1.000000E-07 , 1.000000E+08 , 9.500000E-01 , 2.848521E+08
1.000000E+16 , 1.000000E-11 , 1.000000E+08 , 9.500000E-01 , 8.272023E+06
1.000000E+16 , 1.000000E-10 , 1.000000E+08 , 9.500000E-01 , 1.436534E+07
1.000000E+16 , 1.000000E-09 , 1.000000E+08 , 9.500000E-01 , 3.571091E+07
1.000000E+16 , 1.000000E-08 , 1.000000E+08 , 9.500000E-01 , 1.008172E+08
1.000000E+16 , 1.000000E-07 , 1.000000E+08 , 9.500000E-01 , 2.848934E+08
1.000000E+17 , 1.000000E-11 , 1.000000E+08 , 9.500000E-01 , 8.272056E+06
1.000000E+17 , 1.000000E-10 , 1.000000E+08 , 9.500000E-01 , 1.436550E+07
1.000000E+17 , 1.000000E-09 , 1.000000E+08 , 9.500000E-01 , 3.571142E+07
1.000000E+17 , 1.000000E-08 , 1.000000E+08 , 9.500000E-01 , 1.008188E+08
1.000000E+17 , 1.000000E-07 , 1.000000E+08 , 9.500000E-01 , 2.848975E+08
1.000000E+18 , 1.000000E-11 , 1.000000E+08 , 9.500000E-01 , 8.272060E+06
1.000000E+18 , 1.000000E-10 , 1.000000E+08 , 9.500000E-01 , 1.436551E+07
1.000000E+18 , 1.000000E-09 , 1.000000E+08 , 9.500000E-01 , 3.571147E+07
1.000000E+18 , 1.000000E-08 , 1.000000E+08 , 9.500000E-01 , 1.008190E+08
1.000000E+18 , 1.000000E-07 , 1.000000E+08 , 9.500000E-01 , 2.848979E+08
1.000000E+19 , 1.000000E-11 , 1.000000E+08 , 9.500000E-01 , 8.272060E+06
1.000000E+19 , 1.000000E-10 , 1.000000E+08 , 9.500000E-01 , 1.436551E+07
1.000000E+19 , 1.000000E-09 , 1.000000E+08 , 9.500000E-01 , 3.571147E+07
1.000000E+19 , 1.000000E-08 , 1.000000E+08 , 9.500000E-01 , 1.008190E+08
1.000000E+19 , 1.000000E-07 , 1.000000E+08 , 9.500000E-01 , 2.848980E+08
1.000000E+13 , 1.000000E-11 , 1.000000E+09 , 9.500000E-01 , 1.444823E+07
1.000000E+13 , 1.000000E-10 , 1.000000E+09 , 9.500000E-01 , 2.499462E+07
1.000000E+13 , 1.000000E-09 , 1.000000E+09 , 9.500000E-01 , 6.174294E+07
1.000000E+13 , 1.000000E-08 , 1.000000E+09 , 9.500000E-01 , 1.724067E+08
1.000000E+13 , 1.000000E-07 , 1.000000E+09 , 9.500000E-01 , 5.148925E+08
1.000000E+14 , 1.000000E-11 , 1.000000E+09 , 9.500000E-01 , 5.514762E+08
1.000000E+14 , 1.000000E-10 , 1.000000E+09 , 9.500000E-01 , 1.107757E+09
1.000000E+14 , 1.000000E-09 , 1.000000E+09 , 9.500000E-01 , 2.924677E+09
1.000000E+14 , 1.000000E-08 , 1.000000E+09 , 9.500000E-01 , 8.310257E+09
1.000000E+14 , 1.000000E-07 , 1.000000E+09 , 9.500000E-01 , 2.433889E+10
1.000000E+15 , 1.000000E-11 , 1.000000E+09 , 9.500000E-01 , 1.639518E+09
1.000000E+15 , 1.000000E-10 , 1.000000E+09 , 9.500000E-01 , 3.348324E+09
1.000000E+15 , 1.000000E-09 , 1.000000E+09 , 9.500000E-01 , 8.905806E+09
1.000000E+15 , 1.000000E-08 , 1.000000E+09 , 9.500000E-01 , 2.537396E+10
1.000000E+15 , 1.000000E-07 , 1.000000E+09 , 9.500000E-01 , 7.282290E+10
1.000000E+16 , 1.000000E-11 , 1.000000E+09 , 9.500000E-01 , 1.675148E+09
1.000000E+16 , 1.000000E-10 , 1.000000E+09 , 9.500000E-01 , 3.426479E+09
1.000000E+16 , 1.000000E-09 , 1.000000E+09 , 9.500000E-01 , 9.120153E+09
1.000000E+16 , 1.000000E-08 , 1.000000E+09 , 9.500000E-01 , 2.599203E+10
1.000000E+16 , 1.000000E-07 , 1.000000E+09 , 9.500000E-01 , 7.443258E+10
1.000000E+17 , 1.000000E-11 , 1.000000E+09 , 9.500000E-01 , 1.675799E+09
1.000000E+17 , 1.000000E-10 , 1.000000E+09 , 9.500000E-01 , 3.428348E+09
1.000000E+17 , 1.000000E-09 , 1.000000E+09 , 9.500000E-01 , 9.125770E+09
1.000000E+17 , 1.000000E-08 , 1.000000E+09 , 9.500000E-01 , 2.600878E+10
1.000000E+17 , 1.000000E-07 , 1.000000E+09 , 9.500000E-01 , 7.446404E+10
1.000000E+18 , 1.000000E-11 , 1.000000E+09 , 9.500000E-01 , 1.675834E+09
1.000000E+18 , 1.000000E-10 , 1.000000E+09 , 9.500000E-01 , 3.428474E+09
1.000000E+18 , 1.000000E-09 , 1.000000E+09 , 9.500000E-01 , 9.126170E+09
1.000000E+18 , 1.000000E-08 , 1.000000E+09 , 9.500000E-01 , 2.600999E+10
1.000000E+18 , 1.000000E-07 , 1.000000E+09 , 9.500000E-01 , 7.446586E+10
1.000000E+19 , 1.000000E-11 , 1.000000E+09 , 9.500000E-01 , 1.675837E+09
1.000000E+19 , 1.000000E-10 , 1.000000E+09 , 9.500000E-01 , 3.428486E+09
1.000000E+19 , 1.000000E-09 , 1.000000E+09 , 9.500000E-01 , 9.126208E+09
1.000000E+19 , 1.000000E-08 , 1.000000E+09 , 9.500000E-01 , 2.601010E+10
1.000000E+19 , 1.000000E-07 , 1.000000E+09 , 9.500000E-01 , 7.446603E+10
1.000000E+13 , 1.000000E-11 , 1.000000E+10 , 9.500000E-01 , 7.601192E+06
1.000000E+13 , 1.000000E-10 , 1.000000E+10 , 9.500000E-01 , 1.265089E+07
1.000000E+13 , 1.000000E-09 , 1.000000E+10 , 9.500000E-01 , 3.062669E+07
1.000000E+13 , 1.000000E-08 , 1.000000E+10 , 9.500000E-01 , 8.489385E+07
1.000000E+13 , 1.000000E-07 , 1.000000E+10 , 9.500000E-01 , 2.588248E+08
1.000000E+14 , 1.000000E-11 , 1.000000E+10 , 9.500000E-01 , 7.586984E+06
1.000000E+14 , 1.000000E-10 , 1.000000E+10 , 9.500000E-01 , 1.677532E+07
1.000000E+14 , 1.000000E-09 , 1.000000E+10 , 9.500000E-01 , 4.556900E+07
1.000000E+14 , 1.000000E-08 , 1.000000E+10 , 9.500000E-01 , 1.296522E+08
1.000000E+14 , 1.000000E-07 , 1.000000E+10 , 9.500000E-01 , 5.162754E+08
1.000000E+15 , 1.000000E-11 , 1.000000E+10 , 9.500000E-01 , 7.807804E+06
1.000000E+15 , 1.000000E-10 , 1.000000E+10 , 9.500000E-01 , 1.827405E+07
1.000000E+15 , 1.000000E-09 , 1.000000E+10 , 9.500000E-01 , 5.078282E+07
1.000000E+15 , 1.000000E-08 , 1.000000E+10 , 9.500000E-01 , 1.441614E+08
1.000000E+15 , 1.000000E-07 , 1.000000E+10 , 9.500000E-01 , 5.278742E+08
1.000000E+16 , 1.000000E-11 , 1.000000E+10 , 9.500000E-01 , 7.896261E+06
1.000000E+16 , 1.000000E-10 , 1.000000E+10 , 9.500000E-01 , 1.858012E+07
1.000000E+16 , 1.000000E-09 , 1.000000E+10 , 9.500000E-01 , 5.175265E+07
1.000000E+16 , 1.000000E-08 , 1.000000E+10 , 9.500000E-01 , 1.468896E+08
1.000000E+16 , 1.000000E-07 , 1.000000E+10 , 9.500000E-01 , 5.286500E+08
1.000000E+17 , 1.000000E-11 , 1.000000E+10 , 9.500000E-01 , 7.905876E+06
1.000000E+17 , 1.000000E-10 , 1.000000E+10 , 9.500000E-01 , 1.861257E+07
1.000000E+17 , 1.000000E-09 , 1.000000E+10 , 9.500000E-01 , 5.185495E+07
1.000000E+17 , 1.000000E-08 , 1.000000E+10 , 9.500000E-01 , 1.471781E+08
1.000000E+17 , 1.000000E-07 , 1.000000E+10 , 9.500000E-01 , 5.287253E+08
1.000000E+18 , 1.000000E-11 , 1.000000E+10 , 9.500000E-01 , 7.906845E+06
1.000000E+18 , 1.000000E-10 , 1.000000E+10 , 9.500000E-01 , 1.861583E+07
1.000000E+18 , 1.000000E-09 , 1.000000E+10 , 9.500000E-01 , 5.186523E+07
1.000000E+18 , 1.000000E-08 , 1.000000E+10 , 9.500000E-01 , 1.472071E+08
1.000000E+18 , 1.000000E-07 , 1.000000E+10 , 9.500000E-01 , 5.287328E+08
1.000000E+19 , 1.000000E-11 , 1.000000E+10 , 9.500000E-01 , 7.906942E+06
1.000000E+19 , 1.000000E-10 , 1.000000E+10 , 9.500000E-01 , 1.861616E+07
1.000000E+19 , 1.000000E-09 , 1.000000E+10 , 9.500000E-01 , 5.186626E+07
1.000000E+19 , 1.000000E-08 , 1.000000E+10 , 9.500000E-01 , 1.472101E+08
1.000000E+19 , 1.000000E-07 , 1.000000E+10 , 9.500000E-01 , 5.287335E+08
1.000000E+13 , 1.000000E-11 , 1.000000E+07 , 9.600000E-01 , 2.838481E+06
1.000000E+13 , 1.000000E-10 , 1.000000E+07 , 9.600000E-01 , 4.520623E+06
1.000000E+13 , 1.000000E-09 , 1.000000E+07 , 9.600000E-01 , 1.076033E+07
1.000000E+13 , 1.000000E-08 , 1.000000E+07 , 9.600000E-01 , 3.006653E+07
1.000000E+13 , 1.000000E-07 , 1.000000E+07 , 9.600000E-01 , 8.526556E+07
1.000000E+14 , 1.000000E-11 , 1.000000E+07 , 9.600000E-01 , 2.838816E+06
1.000000E+14 , 1.000000E-10 , 1.000000E+07 , 9.600000E-01 , 4.521672E+06
1.000000E+14 , 1.000000E-09 , 1.000000E+07 , 9.600000E-01 , 1.076353E+07
1.000000E+14 , 1.000000E-08 , 1.000000E+07 , 9.600000E-01 , 3.007631E+07
1.000000E+14 , 1.000000E-07 , 1.000000E+07 , 9.600000E-01 , 8.529290E+07
1.000000E+15 , 1.000000E-11 , 1.000000E+07 , 9.600000E-01 , 2.838831E+06
1.000000E+15 , 1.000000E-10 , 1.000000E+07 , 9.600000E-01 , 4.521746E+06
1.000000E+15 , 1.000000E-09 , 1.000000E+07 , 9.600000E-01 , 1.076377E+07
1.000000E+15 , 1.000000E-08 , 1.000000E+07 , 9.600000E-01 , 3.007708E+07
1.000000E+15 , 1.000000E-07 , 1.000000E+07 , 9.600000E-01 , 8.529506E+07
1.000000E+16 , 1.000000E-11 , 1.000000E+07 , 9.600000E-01 , 2.838833E+06
1.000000E+16 , 1.000000E-10 , 1.000000E+07 , 9.600000E-01 , 4.521753E+06
1.000000E+16 , 1.000000E-09 , 1.000000E+07 , 9.600000E-01 , 1.076380E+07
1.000000E+16 , 1.000000E-08 , 1.000000E+07 , 9.600000E-01 , 3.007716E+07
1.000000E+16 , 1.000000E-07 , 1.000000E+07 , 9.600000E-01 , 8.529527E+07
1.000000E+17 , 1.000000E-11 , 1.000000E+07 , 9.600000E-01 , 2.838833E+06
1.000000E+17 , 1.000000E-10 , 1.000000E+07 , 9.600000E-01 , 4.521754E+06
1.000000E+17 , 1.000000E-09 , 1.000000E+07 , 9.600000E-01 , 1.076380E+07
1.000000E+17 , 1.000000E-08 , 1.000000E+07 , 9.600000E-01 , 3.007717E+07
1.000000E+17 , 1.000000E-07 , 1.000000E+07 , 9.600000E-01 , 8.529529E+07
1.000000E+18 , 1.000000E-11 , 1.000000E+07 , 9.600000E-01 , 2.838833E+06
1.000000E+18 , 1.000000E-10 , 1.000000E+07 , 9.600000E-01 , 4.521754E+06
1.000000E+18 , 1.000000E-09 , 1.000000E+07 , 9.600000E-01 , 1.076380E+07
1.000000E+18 , 1.000000E-08 , 1.000000E+07 , 9.600000E-01 , 3.007717E+07
1.000000E+18 , 1.000000E-07 , 1.000000E+07 , 9.600000E-01 , 8.529529E+07
1.000000E+19 , 1.000000E-11 , 1.000000E+07 , 9.600000E-01 , 2.838833E+06
1.000000E+19 , 1.000000E-10 , 1.000000E+07 , 9.600000E-01 , 4.521754E+06
1.000000E+19 , 1.000000E-09 , 1.000000E+07 , 9.600000E-01 , 1.076380E+07
1.000000E+19 , 1.000000E-08 , 1.000000E+07 , 9.600000E-01 , 3.007717E+07
1.000000E+19 , 1.000000E-07 , 1.000000E+07 , 9.600000E-01 , 8.529529E+07
1.000000E+13 , 1.000000E-11 , 1.000000E+08 , 9.600000E-01 , 1.120523E+07
1.000000E+13 , 1.000000E-10 , 1.000000E+08 , 9.600000E-01 , 1.857281E+07
1.000000E+13 , 1.000000E-09 , 1.000000E+08 , 9.600000E-01 , 4.512010E+07
1.000000E+13 , 1.000000E-08 , 1.000000E+08 , 9.600000E-01 , 1.266024E+08
1.000000E+13 , 1.000000E-07 , 1.000000E+08 , 9.600000E-01 , 3.587038E+08
1.000000E+14 , 1.000000E-11 , 1.000000E+08 , 9.600000E-01 , 1.149931E+07
1.000000E+14 , 1.000000E-10 , 1.000000E+08 , 9.600000E-01 , 1.923901E+07
1.000000E+14 , 1.000000E-09 , 1.000000E+08 , 9.600000E-01 , 4.697225E+07
1.000000E+14 , 1.000000E-08 , 1.000000E+08 , 9.600000E-01 , 1.320682E+08
1.000000E+14 , 1.000000E-07 , 1.000000E+08 , 9.600000E-01 , 3.737840E+08
1.000000E+15 , 1.000000E-11 , 1.000000E+08 , 9.600000E-01 , 1.150685E+07
1.000000E+15 , 1.000000E-10 , 1.000000E+08 , 9.600000E-01 , 1.926786E+07
1.000000E+15 , 1.000000E-09 , 1.000000E+08 , 9.600000E-01 , 4.706396E+07
1.000000E+15 , 1.000000E-08 , 1.000000E+08 , 9.600000E-01 , 1.323520E+08
1.000000E+15 , 1.000000E-07 , 1.000000E+08 , 9.600000E-01 , 3.745482E+08
1.000000E+16 , 1.000000E-11 , 1.000000E+08 , 9.600000E-01 , 1.150737E+07
1.000000E+16 , 1.000000E-10 , 1.000000E+08 , 9.600000E-01 , 1.927033E+07
1.000000E+16 , 1.000000E-09 , 1.000000E+08 , 9.600000E-01 , 4.707211E+07
1.000000E+16 , 1.000000E-08 , 1.000000E+08 , 9.600000E-01 , 1.323775E+08
1.000000E+16 , 1.000000E-07 , 1.000000E+08 , 9.600000E-01 , 3.746164E+08
1.000000E+17 , 1.000000E-11 , 1.000000E+08 , 9.600000E-01 , 1.150742E+07
1.000000E+17 , 1.000000E-10 , 1.000000E+08 , 9.600000E-01 , 1.927058E+07
1.000000E+17 , 1.000000E-09 , 1.000000E+08 , 9.600000E-01 , 4.707291E+07
1.000000E+17 , 1.000000E-08 , 1.000000E+08 , 9.600000E-01 , 1.323801E+08
1.000000E+17 , 1.000000E-07 , 1.000000E+08 , 9.600000E-01 , 3.746232E+08
1.000000E+18 , 1.000000E-11 , 1.000000E+08 , 9.600000E-01 , 1.150742E+07
1.000000E+18 , 1.000000E-10 , 1.000000E+08 , 9.600000E-01 , 1.927060E+07
1.000000E+18 , 1.000000E-09 , 1.000000E+08 , 9.600000E-01 , 4.707299E+07
1.000000E+18 , 1.000000E-08 , 1.000000E+08 , 9.600000E-01 , 1.323803E+08
1.000000E+18 , 1.000000E-07 , 1.000000E+08 , 9.600000E-01 , 3.746239E+08
1.000000E+19 , 1.000000E-11 , 1.000000E+08 , 9.600000E-01 , 1.150742E+07
1.000000E+19 , 1.000000E-10 , 1.000000E+08 , 9.600000E-01 , 1.927060E+07
1.000000E+19 , 1.000000E-09 , 1.000000E+08 , 9.600000E-01 , 4.707300E+07
1.000000E+19 , 1.000000E-08 , 1.000000E+08 , 9.600000E-01 , 1.323803E+08
1.000000E+19 , 1.000000E-07 , 1.000000E+08 , 9.600000E-01 , 3.746239E+08
1.000000E+13 , 1.000000E-11 , 1.000000E+09 , 9.600000E-01 , 1.931045E+07
1.000000E+13 , 1.000000E-10 , 1.000000E+09 , 9.600000E-01 , 3.254356E+07
1.000000E+13 , 1.000000E-09 , 1.000000E+09 , 9.600000E-01 , 7.936952E+07
1.000000E+13 , 1.000000E-08 , 1.000000E+09 , 9.600000E-01 , 2.208324E+08
1.000000E+13 , 1.000000E-07 , 1.000000E+09 , 9.600000E-01 , 6.581286E+08
1.000000E+14 , 1.000000E-11 , 1.000000E+09 , 9.600000E-01 , 1.698287E+08
1.000000E+14 , 1.000000E-10 , 1.000000E+09 , 9.600000E-01 , 3.372448E+08
1.000000E+14 , 1.000000E-09 , 1.000000E+09 , 9.600000E-01 , 8.864247E+08
1.000000E+14 , 1.000000E-08 , 1.000000E+09 , 9.600000E-01 , 2.517340E+09
1.000000E+14 , 1.000000E-07 , 1.000000E+09 , 9.600000E-01 , 7.344714E+09
1.000000E+15 , 1.000000E-11 , 1.000000E+09 , 9.600000E-01 , 1.990491E+08
1.000000E+15 , 1.000000E-10 , 1.000000E+09 , 9.600000E-01 , 4.024668E+08
1.000000E+15 , 1.000000E-09 , 1.000000E+09 , 9.600000E-01 , 1.066481E+09
1.000000E+15 , 1.000000E-08 , 1.000000E+09 , 9.600000E-01 , 3.037915E+09
1.000000E+15 , 1.000000E-07 , 1.000000E+09 , 9.600000E-01 , 8.684706E+09
1.000000E+16 , 1.000000E-11 , 1.000000E+09 , 9.600000E-01 , 1.997497E+08
1.000000E+16 , 1.000000E-10 , 1.000000E+09 , 9.600000E-01 , 4.045805E+08
1.000000E+16 , 1.000000E-09 , 1.000000E+09 , 9.600000E-01 , 1.072920E+09
1.000000E+16 , 1.000000E-08 , 1.000000E+09 , 9.600000E-01 , 3.057228E+09
1.000000E+16 , 1.000000E-07 , 1.000000E+09 , 9.600000E-01 , 8.720708E+09
1.000000E+17 , 1.000000E-11 , 1.000000E+09 , 9.600000E-01 , 1.997928E+08
1.000000E+17 , 1.000000E-10 , 1.000000E+09 , 9.600000E-01 , 4.047372E+08
1.000000E+17 , 1.000000E-09 , 1.000000E+09 , 9.600000E-01 , 1.073419E+09
1.000000E+17 , 1.000000E-08 , 1.000000E+09 , 9.600000E-01 , 3.058748E+09
1.000000E+17 , 1.000000E-07 , 1.000000E+09 , 9.600000E-01 , 8.723112E+09
1.000000E+18 , 1.000000E-11 , 1.000000E+09 , 9.600000E-01 , 1.997969E+08
1.000000E+18 , 1.000000E-10 , 1.000000E+09 , 9.600000E-01 , 4.047523E+08
1.000000E+18 , 1.000000E-09 , 1.000000E+09 , 9.600000E-01 , 1.073468E+09
1.000000E+18 , 1.000000E-08 , 1.000000E+09 , 9.600000E-01 , 3.058896E+09
1.000000E+18 , 1.000000E-07 , 1.000000E+09 , 9.600000E-01 , 8.723341E+09
1.000000E+19 , 1.000000E-11 , 1.000000E+09 , 9.600000E-01 , 1.997973E+08
1.000000E+19 , 1.000000E-10 , 1.000000E+09 , 9.600000E-01 , 4.047538E+08
1.000000E+19 , 1.000000E-09 , 1.000000E+09 , 9.600000E-01 , 1.073473E+09
1.000000E+19 , 1.000000E-08 , 1.000000E+09 , 9.600000E-01 , 3.058910E+09
1.000000E+19 , 1.000000E-07 , 1.000000E+09 , 9.600000E-01 , 8.723364E+09
1.000000E+13 , 1.000000E-11 , 1.000000E+10 , 9.600000E-01 , 9.373162E+06
1.000000E+13 , 1.000000E-10 , 1.000000E+10 , 9.600000E-01 , 1.525488E+07
1.000000E+13 , 1.000000E-09 , 1.000000E+10 , 9.600000E-01 , 3.650527E+07
1.000000E+13 , 1.000000E-08 , 1.000000E+10 , 9.600000E-01 , 1.008304E+08
1.000000E+13 , 1.000000E-07 , 1.000000E+10 , 9.600000E-01 , 3.070188E+08
1.000000E+14 , 1.000000E-11 , 1.000000E+10 , 9.600000E-01 , 6.802172E+06
1.000000E+14 , 1.000000E-10 , 1.000000E+10 , 9.600000E-01 , 1.499938E+07
1.000000E+14 , 1.000000E-09 , 1.000000E+10 , 9.600000E-01 , 4.070441E+07
1.000000E+14 , 1.000000E-08 , 1.000000E+10 , 9.600000E-01 , 1.158059E+08
1.000000E+14 , 1.000000E-07 , 1.000000E+10 , 9.600000E-01 , 4.607567E+08
1.000000E+15 , 1.000000E-11 , 1.000000E+10 , 9.600000E-01 , 6.924397E+06
1.000000E+15 , 1.000000E-10 , 1.000000E+10 , 9.600000E-01 , 1.618260E+07
1.000000E+15 , 1.000000E-09 , 1.000000E+10 , 9.600000E-01 , 4.495145E+07
1.000000E+15 , 1.000000E-08 , 1.000000E+10 , 9.600000E-01 , 1.276166E+08
1.000000E+15 , 1.000000E-07 , 1.000000E+10 , 9.600000E-01 , 4.655531E+08
1.000000E+16 , 1.000000E-11 , 1.000000E+10 , 9.600000E-01 , 7.003744E+06
1.000000E+16 , 1.000000E-10 , 1.000000E+10 , 9.600000E-01 , 1.645819E+07
1.000000E+16 , 1.000000E-09 , 1.000000E+10 , 9.600000E-01 , 4.582557E+07
1.000000E+16 , 1.000000E-08 , 1.000000E+10 , 9.600000E-01 , 1.300789E+08
1.000000E+16 , 1.000000E-07 , 1.000000E+10 , 9.600000E-01 , 4.662122E+08
1.000000E+17 , 1.000000E-11 , 1.000000E+10 , 9.600000E-01 , 7.012452E+06
1.000000E+17 , 1.000000E-10 , 1.000000E+10 , 9.600000E-01 , 1.648761E+07
1.000000E+17 , 1.000000E-09 , 1.000000E+10 , 9.600000E-01 , 4.591833E+07
1.000000E+17 , 1.000000E-08 , 1.000000E+10 , 9.600000E-01 , 1.303409E+08
1.000000E+17 , 1.000000E-07 , 1.000000E+10 , 9.600000E-01 , 4.662816E+08
1.000000E+18 , 1.000000E-11 , 1.000000E+10 , 9.600000E-01 , 7.013331E+06
1.000000E+18 , 1.000000E-10 , 1.000000E+10 , 9.600000E-01 , 1.649057E+07
1.000000E+18 , 1.000000E-09 , 1.000000E+10 , 9.600000E-01 , 4.592766E+07
1.000000E+18 , 1.000000E-08 , 1.000000E+10 , 9.600000E-01 , 1.303673E+08
1.000000E+18 , 1.000000E-07 , 1.000000E+10 , 9.600000E-01 , 4.662885E+08
1.000000E+19 , 1.000000E-11 , 1.000000E+10 , 9.600000E-01 , 7.013419E+06
1.000000E+19 , 1.000000E-10 , 1.000000E+10 , 9.600000E-01 , 1.649086E+07
1.000000E+19 , 1.000000E-09 , 1.000000E+10 , 9.600000E-01 , 4.592860E+07
1.000000E+19 , 1.000000E-08 , 1.000000E+10 , 9.600000E-01 , 1.303699E+08
1.000000E+19 , 1.000000E-07 , 1.000000E+10 , 9.600000E-01 , 4.662892E+08
1.000000E+13 , 1.000000E-11 , 1.000000E+07 , 9.700000E-01 , 3.784132E+06
1.000000E+13 , 1.000000E-10 , 1.000000E+07 , 9.700000E-01 , 5.671769E+06
1.000000E+13 , 1.000000E-09 , 1.000000E+07 , 9.700000E-01 , 1.304368E+07
1.000000E+13 , 1.000000E-08 , 1.000000E+07 , 9.700000E-01 , 3.609972E+07
1.000000E+13 , 1.000000E-07 , 1.000000E+07 , 9.700000E-01 , 1.026218E+08
1.000000E+14 , 1.000000E-11 , 1.000000E+07 , 9.700000E-01 , 3.784608E+06
1.000000E+14 , 1.000000E-10 , 1.000000E+07 , 9.700000E-01 , 5.673354E+06
1.000000E+14 , 1.000000E-09 , 1.000000E+07 , 9.700000E-01 , 1.304859E+07
1.000000E+14 , 1.000000E-08 , 1.000000E+07 , 9.700000E-01 , 3.611481E+07
1.000000E+14 , 1.000000E-07 , 1.000000E+07 , 9.700000E-01 , 1.026652E+08
1.000000E+15 , 1.000000E-11 , 1.000000E+07 , 9.700000E-01 , 3.784628E+06
1.000000E+15 , 1.000000E-10 , 1.000000E+07 , 9.700000E-01 , 5.673470E+06
1.000000E+15 , 1.000000E-09 , 1.000000E+07 , 9.700000E-01 , 1.304898E+07
1.000000E+15 , 1.000000E-08 , 1.000000E+07 , 9.700000E-01 , 3.611605E+07
1.000000E+15 , 1.000000E-07 , 1.000000E+07 , 9.700000E-01 , 1.026688E+08
1.000000E+16 , 1.000000E-11 , 1.000000E+07 , 9.700000E-01 , 3.784630E+06
1.000000E+16 , 1.000000E-10 , 1.000000E+07 , 9.700000E-01 , 5.673481E+06
1.000000E+16 , 1.000000E-09 , 1.000000E+07 , 9.700000E-01 , 1.304902E+07
1.000000E+16 , 1.000000E-08 , 1.000000E+07 , 9.700000E-01 , 3.611617E+07
1.000000E+16 , 1.000000E-07 , 1.000000E+07 , 9.700000E-01 , 1.026691E+08
1.000000E+17 , 1.000000E-11 , 1.000000E+07 , 9.700000E-01 , 3.784630E+06
1.000000E+17 , 1.000000E-10 , 1.000000E+07 , 9.700000E-01 , 5.673482E+06
1.000000E+17 , 1.000000E-09 , 1.000000E+07 , 9.700000E-01 , 1.304902E+07
1.000000E+17 , 1.000000E-08 , 1.000000E+07 , 9.700000E-01 , 3.611618E+07
1.000000E+17 , 1.000000E-07 , 1.000000E+07 , 9.700000E-01 , 1.026692E+08
1.000000E+18 , 1.000000E-11 , 1.000000E+07 , 9.700000E-01 , 3.784630E+06
1.000000E+18 , 1.000000E-10 , 1.000000E+07 , 9.700000E-01 , 5.673483E+06
1.000000E+18 , 1.000000E-09 , 1.000000E+07 , 9.700000E-01 , 1.304902E+07
1.000000E+18 , 1.000000E-08 , 1.000000E+07 , 9.700000E-01 , 3.611618E+07
1.000000E+18 , 1.000000E-07 , 1.000000E+07 , 9.700000E-01 , 1.026692E+08
1.000000E+19 , 1.000000E-11 , 1.000000E+07 , 9.700000E-01 , 3.784630E+06
1.000000E+19 , 1.000000E-10 , 1.000000E+07 , 9.700000E-01 , 5.673483E+06
1.000000E+19 , 1.000000E-09 , 1.000000E+07 , 9.700000E-01 , 1.304902E+07
1.000000E+19 , 1.000000E-08 , 1.000000E+07 , 9.700000E-01 , 3.611618E+07
1.000000E+19 , 1.000000E-07 , 1.000000E+07 , 9.700000E-01 , 1.026692E+08
1.000000E+13 , 1.000000E-11 , 1.000000E+08 , 9.700000E-01 , 1.797425E+07
1.000000E+13 , 1.000000E-10 , 1.000000E+08 , 9.700000E-01 , 2.840746E+07
1.000000E+13 , 1.000000E-09 , 1.000000E+08 , 9.700000E-01 , 6.731084E+07
1.000000E+13 , 1.000000E-08 , 1.000000E+08 , 9.700000E-01 , 1.876462E+08
1.000000E+13 , 1.000000E-07 , 1.000000E+08 , 9.700000E-01 , 5.323742E+08
1.000000E+14 , 1.000000E-11 , 1.000000E+08 , 9.700000E-01 , 1.859794E+07
1.000000E+14 , 1.000000E-10 , 1.000000E+08 , 9.700000E-01 , 2.974258E+07
1.000000E+14 , 1.000000E-09 , 1.000000E+08 , 9.700000E-01 , 7.095022E+07
1.000000E+14 , 1.000000E-08 , 1.000000E+08 , 9.700000E-01 , 1.983410E+08
1.000000E+14 , 1.000000E-07 , 1.000000E+08 , 9.700000E-01 , 5.623801E+08
1.000000E+15 , 1.000000E-11 , 1.000000E+08 , 9.700000E-01 , 1.861202E+07
1.000000E+15 , 1.000000E-10 , 1.000000E+08 , 9.700000E-01 , 2.979713E+07
1.000000E+15 , 1.000000E-09 , 1.000000E+08 , 9.700000E-01 , 7.112387E+07
1.000000E+15 , 1.000000E-08 , 1.000000E+08 , 9.700000E-01 , 1.988792E+08
1.000000E+15 , 1.000000E-07 , 1.000000E+08 , 9.700000E-01 , 5.638769E+08
1.000000E+16 , 1.000000E-11 , 1.000000E+08 , 9.700000E-01 , 1.861291E+07
1.000000E+16 , 1.000000E-10 , 1.000000E+08 , 9.700000E-01 , 2.980172E+07
1.000000E+16 , 1.000000E-09 , 1.000000E+08 , 9.700000E-01 , 7.113912E+07
1.000000E+16 , 1.000000E-08 , 1.000000E+08 , 9.700000E-01 , 1.989271E+08
1.000000E+16 , 1.000000E-07 , 1.000000E+08 , 9.700000E-01 , 5.640099E+08
1.000000E+17 , 1.000000E-11 , 1.000000E+08 , 9.700000E-01 , 1.861299E+07
1.000000E+17 , 1.000000E-10 , 1.000000E+08 , 9.700000E-01 , 2.980217E+07
1.000000E+17 , 1.000000E-09 , 1.000000E+08 , 9.700000E-01 , 7.114063E+07
1.000000E+17 , 1.000000E-08 , 1.000000E+08 , 9.700000E-01 , 1.989319E+08
1.000000E+17 , 1.000000E-07 , 1.000000E+08 , 9.700000E-01 , 5.640230E+08
1.000000E+18 , 1.000000E-11 , 1.000000E+08 , 9.700000E-01 , 1.861300E+07
1.000000E+18 , 1.000000E-10 , 1.000000E+08 , 9.700000E-01 , 2.980221E+07
1.000000E+18 , 1.000000E-09 , 1.000000E+08 , 9.700000E-01 , 7.114078E+07
1.000000E+18 , 1.000000E-08 , 1.000000E+08 , 9.700000E-01 , 1.989323E+08
1.000000E+18 , 1.000000E-07 , 1.000000E+08 , 9.700000E-01 , 5.640244E+08
1.000000E+19 , 1.000000E-11 , 1.000000E+08 , 9.700000E-01 , 1.861300E+07
1.000000E+19 , 1.000000E-10 , 1.000000E+08 , 9.700000E-01 , 2.980222E+07
1.000000E+19 , 1.000000E-09 , 1.000000E+08 , 9.700000E-01 , 7.114079E+07
1.000000E+19 , 1.000000E-08 , 1.000000E+08 , 9.700000E-01 , 1.989324E+08
1.000000E+19 , 1.000000E-07 , 1.000000E+08 , 9.700000E-01 , 5.640245E+08
1.000000E+13 , 1.000000E-11 , 1.000000E+09 , 9.700000E-01 , 2.539911E+07
1.000000E+13 , 1.000000E-10 , 1.000000E+09 , 9.700000E-01 , 4.162549E+07
1.000000E+13 , 1.000000E-09 , 1.000000E+09 , 9.700000E-01 , 1.000867E+08
1.000000E+13 , 1.000000E-08 , 1.000000E+09 , 9.700000E-01 , 2.773154E+08
1.000000E+13 , 1.000000E-07 , 1.000000E+09 , 9.700000E-01 , 8.248334E+08
1.000000E+14 , 1.000000E-11 , 1.000000E+09 , 9.700000E-01 , 6.587603E+07
1.000000E+14 , 1.000000E-10 , 1.000000E+09 , 9.700000E-01 , 1.291990E+08
1.000000E+14 , 1.000000E-09 , 1.000000E+09 , 9.700000E-01 , 3.379246E+08
1.000000E+14 , 1.000000E-08 , 1.000000E+09 , 9.700000E-01 , 9.590214E+08
1.000000E+14 , 1.000000E-07 , 1.000000E+09 , 9.700000E-01 , 2.788710E+09
1.000000E+15 , 1.000000E-11 , 1.000000E+09 , 9.700000E-01 , 6.876151E+07
1.000000E+15 , 1.000000E-10 , 1.000000E+09 , 9.700000E-01 , 1.375417E+08
1.000000E+15 , 1.000000E-09 , 1.000000E+09 , 9.700000E-01 , 3.629779E+08
1.000000E+15 , 1.000000E-08 , 1.000000E+09 , 9.700000E-01 , 1.033655E+09
1.000000E+15 , 1.000000E-07 , 1.000000E+09 , 9.700000E-01 , 2.945164E+09
1.000000E+16 , 1.000000E-11 , 1.000000E+09 , 9.700000E-01 , 6.892214E+07
1.000000E+16 , 1.000000E-10 , 1.000000E+09 , 9.700000E-01 , 1.381246E+08
1.000000E+16 , 1.000000E-09 , 1.000000E+09 , 9.700000E-01 , 3.648314E+08
1.000000E+16 , 1.000000E-08 , 1.000000E+09 , 9.700000E-01 , 1.039303E+09
1.000000E+16 , 1.000000E-07 , 1.000000E+09 , 9.700000E-01 , 2.954808E+09
1.000000E+17 , 1.000000E-11 , 1.000000E+09 , 9.700000E-01 , 6.893683E+07
1.000000E+17 , 1.000000E-10 , 1.000000E+09 , 9.700000E-01 , 1.381801E+08
1.000000E+17 , 1.000000E-09 , 1.000000E+09 , 9.700000E-01 , 3.650094E+08
1.000000E+17 , 1.000000E-08 , 1.000000E+09 , 9.700000E-01 , 1.039848E+09
1.000000E+17 , 1.000000E-07 , 1.000000E+09 , 9.700000E-01 , 2.955709E+09
1.000000E+18 , 1.000000E-11 , 1.000000E+09 , 9.700000E-01 , 6.893828E+07
1.000000E+18 , 1.000000E-10 , 1.000000E+09 , 9.700000E-01 , 1.381856E+08
1.000000E+18 , 1.000000E-09 , 1.000000E+09 , 9.700000E-01 , 3.650272E+08
1.000000E+18 , 1.000000E-08 , 1.000000E+09 , 9.700000E-01 , 1.039902E+09
1.000000E+18 , 1.000000E-07 , 1.000000E+09 , 9.700000E-01 , 2.955798E+09
1.000000E+19 , 1.000000E-11 , 1.000000E+09 , 9.700000E-01 , 6.893843E+07
1.000000E+19 , 1.000000E-10 , 1.000000E+09 , 9.700000E-01 , 1.381862E+08
1.000000E+19 , 1.000000E-09 , 1.000000E+09 , 9.700000E-01 , 3.650290E+08
1.000000E+19 , 1.000000E-08 , 1.000000E+09 , 9.700000E-01 , 1.039908E+09
1.000000E+19 , 1.000000E-07 , 1.000000E+09 , 9.700000E-01 , 2.955807E+09
1.000000E+13 , 1.000000E-11 , 1.000000E+10 , 9.700000E-01 , 1.163706E+07
1.000000E+13 , 1.000000E-10 , 1.000000E+10 , 9.700000E-01 , 1.854804E+07
1.000000E+13 , 1.000000E-09 , 1.000000E+10 , 9.700000E-01 , 4.389196E+07
1.000000E+13 , 1.000000E-08 , 1.000000E+10 , 9.700000E-01 , 1.208054E+08
1.000000E+13 , 1.000000E-07 , 1.000000E+10 , 9.700000E-01 , 3.675089E+08
1.000000E+14 , 1.000000E-11 , 1.000000E+10 , 9.700000E-01 , 6.107988E+06
1.000000E+14 , 1.000000E-10 , 1.000000E+10 , 9.700000E-01 , 1.343212E+07
1.000000E+14 , 1.000000E-09 , 1.000000E+10 , 9.700000E-01 , 3.641491E+07
1.000000E+14 , 1.000000E-08 , 1.000000E+10 , 9.700000E-01 , 1.035965E+08
1.000000E+14 , 1.000000E-07 , 1.000000E+10 , 9.700000E-01 , 4.118683E+08
1.000000E+15 , 1.000000E-11 , 1.000000E+10 , 9.700000E-01 , 6.177371E+06
1.000000E+15 , 1.000000E-10 , 1.000000E+10 , 9.700000E-01 , 1.441531E+07
1.000000E+15 , 1.000000E-09 , 1.000000E+10 , 9.700000E-01 , 4.002491E+07
1.000000E+15 , 1.000000E-08 , 1.000000E+10 , 9.700000E-01 , 1.136382E+08
1.000000E+15 , 1.000000E-07 , 1.000000E+10 , 9.700000E-01 , 4.130246E+08
1.000000E+16 , 1.000000E-11 , 1.000000E+10 , 9.700000E-01 , 6.249265E+06
1.000000E+16 , 1.000000E-10 , 1.000000E+10 , 9.700000E-01 , 1.466563E+07
1.000000E+16 , 1.000000E-09 , 1.000000E+10 , 9.700000E-01 , 4.081935E+07
1.000000E+16 , 1.000000E-08 , 1.000000E+10 , 9.700000E-01 , 1.158793E+08
1.000000E+16 , 1.000000E-07 , 1.000000E+10 , 9.700000E-01 , 4.136073E+08
1.000000E+17 , 1.000000E-11 , 1.000000E+10 , 9.700000E-01 , 6.257201E+06
1.000000E+17 , 1.000000E-10 , 1.000000E+10 , 9.700000E-01 , 1.469246E+07
1.000000E+17 , 1.000000E-09 , 1.000000E+10 , 9.700000E-01 , 4.090398E+07
1.000000E+17 , 1.000000E-08 , 1.000000E+10 , 9.700000E-01 , 1.161186E+08
1.000000E+17 , 1.000000E-07 , 1.000000E+10 , 9.700000E-01 , 4.136718E+08
1.000000E+18 , 1.000000E-11 , 1.000000E+10 , 9.700000E-01 , 6.258002E+06
1.000000E+18 , 1.000000E-10 , 1.000000E+10 , 9.700000E-01 , 1.469516E+07
1.000000E+18 , 1.000000E-09 , 1.000000E+10 , 9.700000E-01 , 4.091250E+07
1.000000E+18 , 1.000000E-08 , 1.000000E+10 , 9.700000E-01 , 1.161427E+08
1.000000E+18 , 1.000000E-07 , 1.000000E+10 , 9.700000E-01 , 4.136783E+08
1.000000E+19 , 1.000000E-11 , 1.000000E+10 , 9.700000E-01 , 6.258082E+06
1.000000E+19 , 1.000000E-10 , 1.000000E+10 , 9.700000E-01 , 1.469543E+07
1.000000E+19 , 1.000000E-09 , 1.000000E+10 , 9.700000E-01 , 4.091335E+07
1.000000E+19 , 1.000000E-08 , 1.000000E+10 , 9.700000E-01 , 1.161451E+08
1.000000E+19 , 1.000000E-07 , 1.000000E+10 , 9.700000E-01 , 4.136790E+08
1.000000E+13 , 1.000000E-11 , 1.000000E+07 , 9.800000E-01 , 5.808729E+06
1.000000E+13 , 1.000000E-10 , 1.000000E+07 , 9.800000E-01 , 8.011049E+06
1.000000E+13 , 1.000000E-09 , 1.000000E+07 , 9.800000E-01 , 1.744839E+07
1.000000E+13 , 1.000000E-08 , 1.000000E+07 , 9.800000E-01 , 4.747555E+07
1.000000E+13 , 1.000000E-07 , 1.000000E+07 , 9.800000E-01 , 1.352691E+08
1.000000E+14 , 1.000000E-11 , 1.000000E+07 , 9.800000E-01 , 5.809521E+06
1.000000E+14 , 1.000000E-10 , 1.000000E+07 , 9.800000E-01 , 8.013923E+06
1.000000E+14 , 1.000000E-09 , 1.000000E+07 , 9.800000E-01 , 1.745752E+07
1.000000E+14 , 1.000000E-08 , 1.000000E+07 , 9.800000E-01 , 4.750381E+07
1.000000E+14 , 1.000000E-07 , 1.000000E+07 , 9.800000E-01 , 1.353526E+08
1.000000E+15 , 1.000000E-11 , 1.000000E+07 , 9.800000E-01 , 5.809551E+06
1.000000E+15 , 1.000000E-10 , 1.000000E+07 , 9.800000E-01 , 8.014139E+06
1.000000E+15 , 1.000000E-09 , 1.000000E+07 , 9.800000E-01 , 1.745827E+07
1.000000E+15 , 1.000000E-08 , 1.000000E+07 , 9.800000E-01 , 4.750620E+07
1.000000E+15 , 1.000000E-07 , 1.000000E+07 , 9.800000E-01 , 1.353597E+08
1.000000E+16 , 1.000000E-11 , 1.000000E+07 , 9.800000E-01 , 5.809553E+06
1.000000E+16 , 1.000000E-10 , 1.000000E+07 , 9.800000E-01 , 8.014160E+06
1.000000E+16 , 1.000000E-09 , 1.000000E+07 , 9.800000E-01 , 1.745834E+07
1.000000E+16 , 1.000000E-08 , 1.000000E+07 , 9.800000E-01 , 4.750644E+07
1.000000E+16 , 1.000000E-07 , 1.000000E+07 , 9.800000E-01 , 1.353604E+08
1.000000E+17 , 1.000000E-11 , 1.000000E+07 , 9.800000E-01 , 5.809554E+06
1.000000E+17 , 1.000000E-10 , 1.000000E+07 , 9.800000E-01 , 8.014162E+06
1.000000E+17 , 1.000000E-09 , 1.000000E+07 , 9.800000E-01 , 1.745835E+07
1.000000E+17 , 1.000000E-08 , 1.000000E+07 , 9.800000E-01 , 4.750646E+07
1.000000E+17 , 1.000000E-07 , 1.000000E+07 , 9.800000E-01 , 1.353605E+08
1.000000E+18 , 1.000000E-11 , 1.000000E+07 , 9.800000E-01 , 5.809554E+06
1.000000E+18 , 1.000000E-10 , 1.000000E+07 , 9.800000E-01 , 8.014162E+06
1.000000E+18 , 1.000000E-09 , 1.000000E+07 , 9.800000E-01 , 1.745835E+07
1.000000E+18 , 1.000000E-08 , 1.000000E+07 , 9.800000E-01 , 4.750646E+07
1.000000E+18 , 1.000000E-07 , 1.000000E+07 , 9.800000E-01 , 1.353605E+08
1.000000E+19 , 1.000000E-11 , 1.000000E+07 , 9.800000E-01 , 5.809554E+06
1.000000E+19 , 1.000000E-10 , 1.000000E+07 , 9.800000E-01 , 8.014162E+06
1.000000E+19 , 1.000000E-09 , 1.000000E+07 , 9.800000E-01 , 1.745835E+07
1.000000E+19 , 1.000000E-08 , 1.000000E+07 , 9.800000E-01 , 4.750646E+07
1.000000E+19 , 1.000000E-07 , 1.000000E+07 , 9.800000E-01 , 1.353605E+08
1.000000E+13 , 1.000000E-11 , 1.000000E+08 , 9.800000E-01 , 4.026503E+07
1.000000E+13 , 1.000000E-10 , 1.000000E+08 , 9.800000E-01 , 5.983984E+07
1.000000E+13 , 1.000000E-09 , 1.000000E+08 , 9.800000E-01 , 1.368504E+08
1.000000E+13 , 1.000000E-08 , 1.000000E+08 , 9.800000E-01 , 3.776217E+08
1.000000E+13 , 1.000000E-07 , 1.000000E+08 , 9.800000E-01 , 1.072918E+09
1.000000E+14 , 1.000000E-11 , 1.000000E+08 , 9.800000E-01 , 4.251257E+07
1.000000E+14 , 1.000000E-10 , 1.000000E+08 , 9.800000E-01 , 6.416706E+07
1.000000E+14 , 1.000000E-09 , 1.000000E+08 , 9.800000E-01 , 1.481786E+08
1.000000E+14 , 1.000000E-08 , 1.000000E+08 , 9.800000E-01 , 4.105392E+08
1.000000E+14 , 1.000000E-07 , 1.000000E+08 , 9.800000E-01 , 1.166655E+09
1.000000E+15 , 1.000000E-11 , 1.000000E+08 , 9.800000E-01 , 4.255399E+07
1.000000E+15 , 1.000000E-10 , 1.000000E+08 , 9.800000E-01 , 6.432158E+07
1.000000E+15 , 1.000000E-09 , 1.000000E+08 , 9.800000E-01 , 1.486675E+08
1.000000E+15 , 1.000000E-08 , 1.000000E+08 , 9.800000E-01 , 4.120529E+08
1.000000E+15 , 1.000000E-07 , 1.000000E+08 , 9.800000E-01 , 1.170993E+09
1.000000E+16 , 1.000000E-11 , 1.000000E+08 , 9.800000E-01 , 4.255612E+07
1.000000E+16 , 1.000000E-10 , 1.000000E+08 , 9.800000E-01 , 6.433392E+07
1.000000E+16 , 1.000000E-09 , 1.000000E+08 , 9.800000E-01 , 1.487091E+08
1.000000E+16 , 1.000000E-08 , 1.000000E+08 , 9.800000E-01 , 4.121840E+08
1.000000E+16 , 1.000000E-07 , 1.000000E+08 , 9.800000E-01 , 1.171370E+09
1.000000E+17 , 1.000000E-11 , 1.000000E+08 , 9.800000E-01 , 4.255632E+07
1.000000E+17 , 1.000000E-10 , 1.000000E+08 , 9.800000E-01 , 6.433512E+07
1.000000E+17 , 1.000000E-09 , 1.000000E+08 , 9.800000E-01 , 1.487132E+08
1.000000E+17 , 1.000000E-08 , 1.000000E+08 , 9.800000E-01 , 4.121969E+08
1.000000E+17 , 1.000000E-07 , 1.000000E+08 , 9.800000E-01 , 1.171407E+09
1.000000E+18 , 1.000000E-11 , 1.000000E+08 , 9.800000E-01 , 4.255634E+07
1.000000E+18 , 1.000000E-10 , 1.000000E+08 , 9.800000E-01 , 6.433524E+07
1.000000E+18 , 1.000000E-09 , 1.000000E+08 , 9.800000E-01 , 1.487136E+08
1.000000E+18 , 1.000000E-08 , 1.000000E+08 , 9.800000E-01 , 4.121982E+08
1.000000E+18 , 1.000000E-07 , 1.000000E+08 , 9.800000E-01 , 1.171411E+09
1.000000E+19 , 1.000000E-11 , 1.000000E+08 , 9.800000E-01 , 4.255634E+07
1.000000E+19 , 1.000000E-10 , 1.000000E+08 , 9.800000E-01 , 6.433526E+07
1.000000E+19 , 1.000000E-09 , 1.000000E+08 , 9.800000E-01 , 1.487136E+08
1.000000E+19 , 1.000000E-08 , 1.000000E+08 , 9.800000E-01 , 4.121983E+08
1.000000E+19 , 1.000000E-07 , 1.000000E+08 , 9.800000E-01 , 1.171411E+09
1.000000E+13 , 1.000000E-11 , 1.000000E+09 , 9.800000E-01 , 2.928740E+07
1.000000E+13 , 1.000000E-10 , 1.000000E+09 , 9.800000E-01 , 4.661822E+07
1.000000E+13 , 1.000000E-09 , 1.000000E+09 , 9.800000E-01 , 1.103667E+08
1.000000E+13 , 1.000000E-08 , 1.000000E+09 , 9.800000E-01 , 3.043502E+08
1.000000E+13 , 1.000000E-07 , 1.000000E+09 , 9.800000E-01 , 9.035715E+08
1.000000E+14 , 1.000000E-11 , 1.000000E+09 , 9.800000E-01 , 3.234682E+07
1.000000E+14 , 1.000000E-10 , 1.000000E+09 , 9.800000E-01 , 6.258662E+07
1.000000E+14 , 1.000000E-09 , 1.000000E+09 , 9.800000E-01 , 1.628071E+08
1.000000E+14 , 1.000000E-08 , 1.000000E+09 , 9.800000E-01 , 4.616616E+08
1.000000E+14 , 1.000000E-07 , 1.000000E+09 , 9.800000E-01 , 1.338547E+09
1.000000E+15 , 1.000000E-11 , 1.000000E+09 , 9.800000E-01 , 3.294882E+07
1.000000E+15 , 1.000000E-10 , 1.000000E+09 , 9.800000E-01 , 6.514208E+07
1.000000E+15 , 1.000000E-09 , 1.000000E+09 , 9.800000E-01 , 1.711396E+08
1.000000E+15 , 1.000000E-08 , 1.000000E+09 , 9.800000E-01 , 4.871654E+08
1.000000E+15 , 1.000000E-07 , 1.000000E+09 , 9.800000E-01 , 1.384283E+09
1.000000E+16 , 1.000000E-11 , 1.000000E+09 , 9.800000E-01 , 3.302081E+07
1.000000E+16 , 1.000000E-10 , 1.000000E+09 , 9.800000E-01 , 6.542110E+07
1.000000E+16 , 1.000000E-09 , 1.000000E+09 , 9.800000E-01 , 1.720379E+08
1.000000E+16 , 1.000000E-08 , 1.000000E+09 , 9.800000E-01 , 4.899195E+08
1.000000E+16 , 1.000000E-07 , 1.000000E+09 , 9.800000E-01 , 1.389130E+09
1.000000E+17 , 1.000000E-11 , 1.000000E+09 , 9.800000E-01 , 3.302812E+07
1.000000E+17 , 1.000000E-10 , 1.000000E+09 , 9.800000E-01 , 6.544924E+07
1.000000E+17 , 1.000000E-09 , 1.000000E+09 , 9.800000E-01 , 1.721284E+08
1.000000E+17 , 1.000000E-08 , 1.000000E+09 , 9.800000E-01 , 4.901969E+08
1.000000E+17 , 1.000000E-07 , 1.000000E+09 , 9.800000E-01 , 1.389618E+09
1.000000E+18 , 1.000000E-11 , 1.000000E+09 , 9.800000E-01 , 3.302885E+07
1.000000E+18 , 1.000000E-10 , 1.000000E+09 , 9.800000E-01 , 6.545205E+07
1.000000E+18 , 1.000000E-09 , 1.000000E+09 , 9.800000E-01 , 1.721374E+08
1.000000E+18 , 1.000000E-08 , 1.000000E+09 , 9.800000E-01 , 4.902246E+08
1.000000E+18 , 1.000000E-07 , 1.000000E+09 , 9.800000E-01 , 1.389667E+09
1.000000E+19 , 1.000000E-11 , 1.000000E+09 , 9.800000E-01 , 3.302893E+07
1.000000E+19 , 1.000000E-10 , 1.000000E+09 , 9.800000E-01 , 6.545233E+07
1.000000E+19 , 1.000000E-09 , 1.000000E+09 , 9.800000E-01 , 1.721383E+08
1.000000E+19 , 1.000000E-08 , 1.000000E+09 , 9.800000E-01 , 4.902274E+08
1.000000E+19 , 1.000000E-07 , 1.000000E+09 , 9.800000E-01 , 1.389672E+09
1.000000E+13 , 1.000000E-11 , 1.000000E+10 , 9.800000E-01 , 1.406962E+07
1.000000E+13 , 1.000000E-10 , 1.000000E+10 , 9.800000E-01 , 2.202548E+07
1.000000E+13 , 1.000000E-09 , 1.000000E+10 , 9.800000E-01 , 5.160442E+07
1.000000E+13 , 1.000000E-08 , 1.000000E+10 , 9.800000E-01 , 1.415737E+08
1.000000E+13 , 1.000000E-07 , 1.000000E+10 , 9.800000E-01 , 4.305095E+08
1.000000E+14 , 1.000000E-11 , 1.000000E+10 , 9.800000E-01 , 5.495676E+06
1.000000E+14 , 1.000000E-10 , 1.000000E+10 , 9.800000E-01 , 1.205275E+07
1.000000E+14 , 1.000000E-09 , 1.000000E+10 , 9.800000E-01 , 3.264258E+07
1.000000E+14 , 1.000000E-08 , 1.000000E+10 , 9.800000E-01 , 9.285919E+07
1.000000E+14 , 1.000000E-07 , 1.000000E+10 , 9.800000E-01 , 3.689293E+08
1.000000E+15 , 1.000000E-11 , 1.000000E+10 , 9.800000E-01 , 5.540297E+06
1.000000E+15 , 1.000000E-10 , 1.000000E+10 , 9.800000E-01 , 1.290925E+07
1.000000E+15 , 1.000000E-09 , 1.000000E+10 , 9.800000E-01 , 3.582742E+07
1.000000E+15 , 1.000000E-08 , 1.000000E+10 , 9.800000E-01 , 1.017278E+08
1.000000E+15 , 1.000000E-07 , 1.000000E+10 , 9.800000E-01 , 3.683745E+08
1.000000E+16 , 1.000000E-11 , 1.000000E+10 , 9.800000E-01 , 5.605977E+06
1.000000E+16 , 1.000000E-10 , 1.000000E+10 , 9.800000E-01 , 1.313826E+07
1.000000E+16 , 1.000000E-09 , 1.000000E+10 , 9.800000E-01 , 3.655452E+07
1.000000E+16 , 1.000000E-08 , 1.000000E+10 , 9.800000E-01 , 1.037818E+08
1.000000E+16 , 1.000000E-07 , 1.000000E+10 , 9.800000E-01 , 3.689060E+08
1.000000E+17 , 1.000000E-11 , 1.000000E+10 , 9.800000E-01 , 5.613249E+06
1.000000E+17 , 1.000000E-10 , 1.000000E+10 , 9.800000E-01 , 1.316287E+07
1.000000E+17 , 1.000000E-09 , 1.000000E+10 , 9.800000E-01 , 3.663214E+07
1.000000E+17 , 1.000000E-08 , 1.000000E+10 , 9.800000E-01 , 1.040016E+08
1.000000E+17 , 1.000000E-07 , 1.000000E+10 , 9.800000E-01 , 3.689666E+08
1.000000E+18 , 1.000000E-11 , 1.000000E+10 , 9.800000E-01 , 5.613983E+06
1.000000E+18 , 1.000000E-10 , 1.000000E+10 , 9.800000E-01 , 1.316534E+07
1.000000E+18 , 1.000000E-09 , 1.000000E+10 , 9.800000E-01 , 3.663995E+07
1.000000E+18 , 1.000000E-08 , 1.000000E+10 , 9.800000E-01 , 1.040238E+08
1.000000E+18 , 1.000000E-07 , 1.000000E+10 , 9.800000E-01 , 3.689727E+08
1.000000E+19 , 1.000000E-11 , 1.000000E+10 , 9.800000E-01 , 5.614057E+06
1.000000E+19 , 1.000000E-10 , 1.000000E+10 , 9.800000E-01 , 1.316559E+07
1.000000E+19 , 1.000000E-09 , 1.000000E+10 , 9.800000E-01 , 3.664073E+07
1.000000E+19 , 1.000000E-08 , 1.000000E+10 , 9.800000E-01 , 1.040260E+08
1.000000E+19 , 1.000000E-07 , 1.000000E+10 , 9.800000E-01 , 3.689733E+08
1.000000E+13 , 1.000000E-11 , 1.000000E+07 , 9.900000E-01 , 1.302815E+07
1.000000E+13 , 1.000000E-10 , 1.000000E+07 , 9.900000E-01 , 1.586293E+07
1.000000E+13 , 1.000000E-09 , 1.000000E+07 , 9.900000E-01 , 3.105816E+07
1.000000E+13 , 1.000000E-08 , 1.000000E+07 , 9.900000E-01 , 8.129581E+07
1.000000E+13 , 1.000000E-07 , 1.000000E+07 , 9.900000E-01 , 2.314043E+08
1.000000E+14 , 1.000000E-11 , 1.000000E+07 , 9.900000E-01 , 1.303030E+07
1.000000E+14 , 1.000000E-10 , 1.000000E+07 , 9.900000E-01 , 1.587121E+07
1.000000E+14 , 1.000000E-09 , 1.000000E+07 , 9.900000E-01 , 3.108610E+07
1.000000E+14 , 1.000000E-08 , 1.000000E+07 , 9.900000E-01 , 8.138314E+07
1.000000E+14 , 1.000000E-07 , 1.000000E+07 , 9.900000E-01 , 2.316699E+08
1.000000E+15 , 1.000000E-11 , 1.000000E+07 , 9.900000E-01 , 1.303036E+07
1.000000E+15 , 1.000000E-10 , 1.000000E+07 , 9.900000E-01 , 1.587183E+07
1.000000E+15 , 1.000000E-09 , 1.000000E+07 , 9.900000E-01 , 3.108847E+07
1.000000E+15 , 1.000000E-08 , 1.000000E+07 , 9.900000E-01 , 8.139075E+07
1.000000E+15 , 1.000000E-07 , 1.000000E+07 , 9.900000E-01 , 2.316932E+08
1.000000E+16 , 1.000000E-11 , 1.000000E+07 , 9.900000E-01 , 1.303036E+07
1.000000E+16 , 1.000000E-10 , 1.000000E+07 , 9.900000E-01 , 1.587189E+07
1.000000E+16 , 1.000000E-09 , 1.000000E+07 , 9.900000E-01 , 3.108870E+07
1.000000E+16 , 1.000000E-08 , 1.000000E+07 , 9.900000E-01 , 8.139150E+07
1.000000E+16 , 1.000000E-07 , 1.000000E+07 , 9.900000E-01 , 2.316955E+08
1.000000E+17 , 1.000000E-11 , 1.000000E+07 , 9.900000E-01 , 1.303036E+07
1.000000E+17 , 1.000000E-10 , 1.000000E+07 , 9.900000E-01 , 1.587189E+07
1.000000E+17 , 1.000000E-09 , 1.000000E+07 , 9.900000E-01 , 3.108873E+07
1.000000E+17 , 1.000000E-08 , 1.000000E+07 , 9.900000E-01 , 8.139157E+07
1.000000E+17 , 1.000000E-07 , 1.000000E+07 , 9.900000E-01 , 2.316958E+08
1.000000E+18 , 1.000000E-11 , 1.000000E+07 , 9.900000E-01 , 1.303036E+07
1.000000E+18 , 1.000000E-10 , 1.000000E+07 , 9.900000E-01 , 1.587189E+07
1.000000E+18 , 1.000000E-09 , 1.000000E+07 , 9.900000E-01 , 3.108873E+07
1.000000E+18 , 1.000000E-08 , 1.000000E+07 , 9.900000E-01 , 8.139158E+07
1.000000E+18 , 1.000000E-07 , 1.000000E+07 , 9.900000E-01 , 2.316958E+08
1.000000E+19 , 1.000000E-11 , 1.000000E+07 , 9.900000E-01 , 1.303036E+07
1.000000E+19 , 1.000000E-10 , 1.000000E+07 , 9.900000E-01 , 1.587189E+07
1.000000E+19 , 1.000000E-09 , 1.000000E+07 , 9.900000E-01 , 3.108873E+07
1.000000E+19 , 1.000000E-08 , 1.000000E+07 , 9.900000E-01 , 8.139158E+07
1.000000E+19 , 1.000000E-07 , 1.000000E+07 , 9.900000E-01 , 2.316958E+08
1.000000E+13 , 1.000000E-11 , 1.000000E+08 , 9.900000E-01 , 3.480307E+08
1.000000E+13 , 1.000000E-10 , 1.000000E+08 , 9.900000E-01 , 4.755873E+08
1.000000E+13 , 1.000000E-09 , 1.000000E+08 , 9.900000E-01 , 1.028434E+09
1.000000E+13 , 1.000000E-08 , 1.000000E+08 , 9.900000E-01 , 2.786950E+09
1.000000E+13 , 1.000000E-07 , 1.000000E+08 , 9.900000E-01 , 7.924168E+09
1.000000E+14 , 1.000000E-11 , 1.000000E+08 , 9.900000E-01 , 4.395309E+08
1.000000E+14 , 1.000000E-10 , 1.000000E+08 , 9.900000E-01 , 6.135284E+08
1.000000E+14 , 1.000000E-09 , 1.000000E+08 , 9.900000E-01 , 1.347634E+09
1.000000E+14 , 1.000000E-08 , 1.000000E+08 , 9.900000E-01 , 3.676403E+09
1.000000E+14 , 1.000000E-07 , 1.000000E+08 , 9.900000E-01 , 1.047022E+10
1.000000E+15 , 1.000000E-11 , 1.000000E+08 , 9.900000E-01 , 4.408730E+08
1.000000E+15 , 1.000000E-10 , 1.000000E+08 , 9.900000E-01 , 6.166480E+08
1.000000E+15 , 1.000000E-09 , 1.000000E+08 , 9.900000E-01 , 1.356459E+09
1.000000E+15 , 1.000000E-08 , 1.000000E+08 , 9.900000E-01 , 3.702837E+09
1.000000E+15 , 1.000000E-07 , 1.000000E+08 , 9.900000E-01 , 1.054744E+10
1.000000E+16 , 1.000000E-11 , 1.000000E+08 , 9.900000E-01 , 4.409030E+08
1.000000E+16 , 1.000000E-10 , 1.000000E+08 , 9.900000E-01 , 6.168138E+08
1.000000E+16 , 1.000000E-09 , 1.000000E+08 , 9.900000E-01 , 1.357020E+09
1.000000E+16 , 1.000000E-08 , 1.000000E+08 , 9.900000E-01 , 3.704602E+09
1.000000E+16 , 1.000000E-07 , 1.000000E+08 , 9.900000E-01 , 1.055266E+10
1.000000E+17 , 1.000000E-11 , 1.000000E+08 , 9.900000E-01 , 4.409050E+08
1.000000E+17 , 1.000000E-10 , 1.000000E+08 , 9.900000E-01 , 6.168290E+08
1.000000E+17 , 1.000000E-09 , 1.000000E+08 , 9.900000E-01 , 1.357073E+09
1.000000E+17 , 1.000000E-08 , 1.000000E+08 , 9.900000E-01 , 3.704769E+09
1.000000E+17 , 1.000000E-07 , 1.000000E+08 , 9.900000E-01 , 1.055316E+10
1.000000E+18 , 1.000000E-11 , 1.000000E+08 , 9.900000E-01 , 4.409052E+08
1.000000E+18 , 1.000000E-10 , 1.000000E+08 , 9.900000E-01 , 6.168305E+08
1.000000E+18 , 1.000000E-09 , 1.000000E+08 , 9.900000E-01 , 1.357078E+09
1.000000E+18 , 1.000000E-08 , 1.000000E+08 , 9.900000E-01 , 3.704786E+09
1.000000E+18 , 1.000000E-07 , 1.000000E+08 , 9.900000E-01 , 1.055321E+10
1.000000E+19 , 1.000000E-11 , 1.000000E+08 , 9.900000E-01 , 4.409052E+08
1.000000E+19 , 1.000000E-10 , 1.000000E+08 , 9.900000E-01 , 6.168306E+08
1.000000E+19 , 1.000000E-09 , 1.000000E+08 , 9.900000E-01 , 1.357079E+09
1.000000E+19 , 1.000000E-08 , 1.000000E+08 , 9.900000E-01 , 3.704788E+09
1.000000E+19 , 1.000000E-07 , 1.000000E+08 , 9.900000E-01 , 1.055322E+10
1.000000E+13 , 1.000000E-11 , 1.000000E+09 , 9.900000E-01 , 2.574634E+07
1.000000E+13 , 1.000000E-10 , 1.000000E+09 , 9.900000E-01 , 3.979818E+07
1.000000E+13 , 1.000000E-09 , 1.000000E+09 , 9.900000E-01 , 9.269288E+07
1.000000E+13 , 1.000000E-08 , 1.000000E+09 , 9.900000E-01 , 2.542859E+08
1.000000E+13 , 1.000000E-07 , 1.000000E+09 , 9.900000E-01 , 7.536524E+08
1.000000E+14 , 1.000000E-11 , 1.000000E+09 , 9.900000E-01 , 1.828909E+07
1.000000E+14 , 1.000000E-10 , 1.000000E+09 , 9.900000E-01 , 3.486645E+07
1.000000E+14 , 1.000000E-09 , 1.000000E+09 , 9.900000E-01 , 9.014791E+07
1.000000E+14 , 1.000000E-08 , 1.000000E+09 , 9.900000E-01 , 2.553686E+08
1.000000E+14 , 1.000000E-07 , 1.000000E+09 , 9.900000E-01 , 7.385795E+08
1.000000E+15 , 1.000000E-11 , 1.000000E+09 , 9.900000E-01 , 1.852676E+07
1.000000E+15 , 1.000000E-10 , 1.000000E+09 , 9.900000E-01 , 3.616677E+07
1.000000E+15 , 1.000000E-09 , 1.000000E+09 , 9.900000E-01 , 9.454350E+07
1.000000E+15 , 1.000000E-08 , 1.000000E+09 , 9.900000E-01 , 2.689908E+08
1.000000E+15 , 1.000000E-07 , 1.000000E+09 , 9.900000E-01 , 7.627095E+08
1.000000E+16 , 1.000000E-11 , 1.000000E+09 , 9.900000E-01 , 1.856815E+07
1.000000E+16 , 1.000000E-10 , 1.000000E+09 , 9.900000E-01 , 3.633171E+07
1.000000E+16 , 1.000000E-09 , 1.000000E+09 , 9.900000E-01 , 9.507679E+07
1.000000E+16 , 1.000000E-08 , 1.000000E+09 , 9.900000E-01 , 2.706310E+08
1.000000E+16 , 1.000000E-07 , 1.000000E+09 , 9.900000E-01 , 7.657646E+08
1.000000E+17 , 1.000000E-11 , 1.000000E+09 , 9.900000E-01 , 1.857247E+07
1.000000E+17 , 1.000000E-10 , 1.000000E+09 , 9.900000E-01 , 3.634857E+07
1.000000E+17 , 1.000000E-09 , 1.000000E+09 , 9.900000E-01 , 9.513109E+07
1.000000E+17 , 1.000000E-08 , 1.000000E+09 , 9.900000E-01 , 2.707980E+08
1.000000E+17 , 1.000000E-07 , 1.000000E+09 , 9.900000E-01 , 7.660771E+08
1.000000E+18 , 1.000000E-11 , 1.000000E+09 , 9.900000E-01 , 1.857290E+07
1.000000E+18 , 1.000000E-10 , 1.000000E+09 , 9.900000E-01 , 3.635026E+07
1.000000E+18 , 1.000000E-09 , 1.000000E+09 , 9.900000E-01 , 9.513653E+07
1.000000E+18 , 1.000000E-08 , 1.000000E+09 , 9.900000E-01 , 2.708147E+08
1.000000E+18 , 1.000000E-07 , 1.000000E+09 , 9.900000E-01 , 7.661084E+08
1.000000E+19 , 1.000000E-11 , 1.000000E+09 , 9.900000E-01 , 1.857294E+07
1.000000E+19 , 1.000000E-10 , 1.000000E+09 , 9.900000E-01 , 3.635043E+07
1.000000E+19 , 1.000000E-09 , 1.000000E+09 , 9.900000E-01 , 9.513708E+07
1.000000E+19 , 1.000000E-08 , 1.000000E+09 , 9.900000E-01 , 2.708164E+08
1.000000E+19 , 1.000000E-07 , 1.000000E+09 , 9.900000E-01 , 7.661116E+08
1.000000E+13 , 1.000000E-11 , 1.000000E+10 , 9.900000E-01 , 1.565051E+07
1.000000E+13 , 1.000000E-10 , 1.000000E+10 , 9.900000E-01 , 2.417003E+07
1.000000E+13 , 1.000000E-09 , 1.000000E+10 , 9.900000E-01 , 5.619255E+07
1.000000E+13 , 1.000000E-08 , 1.000000E+10 , 9.900000E-01 , 1.537623E+08
1.000000E+13 , 1.000000E-07 , 1.000000E+10 , 9.900000E-01 , 4.676692E+08
1.000000E+14 , 1.000000E-11 , 1.000000E+10 , 9.900000E-01 , 4.956238E+06
1.000000E+14 , 1.000000E-10 , 1.000000E+10 , 9.900000E-01 , 1.084013E+07
1.000000E+14 , 1.000000E-09 , 1.000000E+10 , 9.900000E-01 , 2.932877E+07
1.000000E+14 , 1.000000E-08 , 1.000000E+10 , 9.900000E-01 , 8.342704E+07
1.000000E+14 , 1.000000E-07 , 1.000000E+10 , 9.900000E-01 , 3.312553E+08
1.000000E+15 , 1.000000E-11 , 1.000000E+10 , 9.900000E-01 , 4.992824E+06
1.000000E+15 , 1.000000E-10 , 1.000000E+10 , 9.900000E-01 , 1.161597E+07
1.000000E+15 , 1.000000E-09 , 1.000000E+10 , 9.900000E-01 , 3.222369E+07
1.000000E+15 , 1.000000E-08 , 1.000000E+10 , 9.900000E-01 , 9.150168E+07
1.000000E+15 , 1.000000E-07 , 1.000000E+10 , 9.900000E-01 , 3.301311E+08
1.000000E+16 , 1.000000E-11 , 1.000000E+10 , 9.900000E-01 , 5.053239E+06
1.000000E+16 , 1.000000E-10 , 1.000000E+10 , 9.900000E-01 , 1.182678E+07
1.000000E+16 , 1.000000E-09 , 1.000000E+10 , 9.900000E-01 , 3.289310E+07
1.000000E+16 , 1.000000E-08 , 1.000000E+10 , 9.900000E-01 , 9.339538E+07
1.000000E+16 , 1.000000E-07 , 1.000000E+10 , 9.900000E-01 , 3.306274E+08
1.000000E+17 , 1.000000E-11 , 1.000000E+10 , 9.900000E-01 , 5.059935E+06
1.000000E+17 , 1.000000E-10 , 1.000000E+10 , 9.900000E-01 , 1.184945E+07
1.000000E+17 , 1.000000E-09 , 1.000000E+10 , 9.900000E-01 , 3.296464E+07
1.000000E+17 , 1.000000E-08 , 1.000000E+10 , 9.900000E-01 , 9.359827E+07
1.000000E+17 , 1.000000E-07 , 1.000000E+10 , 9.900000E-01 , 3.306845E+08
1.000000E+18 , 1.000000E-11 , 1.000000E+10 , 9.900000E-01 , 5.060611E+06
1.000000E+18 , 1.000000E-10 , 1.000000E+10 , 9.900000E-01 , 1.185173E+07
1.000000E+18 , 1.000000E-09 , 1.000000E+10 , 9.900000E-01 , 3.297184E+07
1.000000E+18 , 1.000000E-08 , 1.000000E+10 , 9.900000E-01 , 9.361870E+07
1.000000E+18 , 1.000000E-07 , 1.000000E+10 , 9.900000E-01 , 3.306903E+08
1.000000E+19 , 1.000000E-11 , 1.000000E+10 , 9.900000E-01 , 5.060678E+06
1.000000E+19 , 1.000000E-10 , 1.000000E+10 , 9.900000E-01 , 1.185196E+07
1.000000E+19 , 1.000000E-09 , 1.000000E+10 , 9.900000E-01 , 3.297256E+07
1.000000E+19 , 1.000000E-08 , 1.000000E+10 , 9.900000E-01 , 9.362075E+07
1.000000E+19 , 1.000000E-07 , 1.000000E+10 , 9.900000E-01 , 3.306909E+08
